// ForceConstants_Cohen2017_tet data file
// Zoe Wefers (McGill University, June 2021, DIMACS REU)


// Cohen2017_tet force field force constants


#ifndef ForceConstants_Cohen2017_tet_h
#define ForceConstants_Cohen2017_tet_h


const std::string ForceConstants_Cohen2017_tet[400] = {

    "AAAA={0.20223, 0.01313, 0.01276, -0.22092, 0.16204, -1.20087, 0.01313, 0.05668, 0.03676, -0.03438, -0.31573, -0.11216, 0.01276, 0.03676, 0.10728, 0.0626, -0.29448, -0.30893, -0.22092, -0.03438, 0.0626, 7.79463, 1.05551, 1.47211, 0.16204, -0.31573, -0.29448, 1.05551, 7.74484, -0.70542, -1.20087, -0.11216, -0.30893, 1.47211, -0.70542, 41.77333}",
    "AAAC={0.14757, 0.013, 0.0164, -0.20575, -0.14462, -0.94018, 0.013, 0.05783, 0.03413, 0.06263, -0.30473, -0.18105, 0.0164, 0.03413, 0.09926, 0.14139, -0.34396, -0.50658, -0.20575, 0.06263, 0.14139, 6.26404, 0.88312, 1.98988, -0.14462, -0.30473, -0.34396, 0.88312, 9.04908, 6.75933, -0.94018, -0.18105, -0.50658, 1.98988, 6.75933, 41.74094}",
    "AAAG={0.15142, -0.01759, 0.01207, -0.24163, -0.05208, -1.01409, -0.01759, 0.05244, 0.02929, 0.13409, -0.19385, -0.07888, 0.01207, 0.02929, 0.11612, 0.15608, -0.30662, -0.40691, -0.24163, 0.13409, 0.15608, 8.14114, 1.5487, 2.74671, -0.05208, -0.19385, -0.30662, 1.5487, 8.52063, 4.80702, -1.01409, -0.07888, -0.40691, 2.74671, 4.80702, 36.99561}",
    "AAAT={0.17995, -0.00695, 0.03238, -0.27826, -0.01402, -1.20722, -0.00695, 0.08005, 0.04058, 0.09117, -0.21032, -0.30198, 0.03238, 0.04058, 0.14251, -0.09946, -0.48136, -0.71033, -0.27826, 0.09117, -0.09946, 8.08263, 0.7081, 6.05189, -0.01402, -0.21032, -0.48136, 0.7081, 13.10138, 3.78261, -1.20722, -0.30198, -0.71033, 6.05189, 3.78261, 44.87904}",
    "CAAA={0.18151, 0.00921, 0.02178, -0.33251, 0.10947, -1.23217, 0.00921, 0.05492, 0.02362, -0.04624, -0.22839, -0.09834, 0.02178, 0.02362, 0.08643, -0.02384, -0.16673, -0.60805, -0.33251, -0.04624, -0.02384, 6.79902, 2.06182, 2.39702, 0.10947, -0.22839, -0.16673, 2.06182, 8.59037, -0.89172, -1.23217, -0.09834, -0.60805, 2.39702, -0.89172, 35.36105}",
    "CAAC={0.15895, 0.00323, 0.00621, 0.0143, 0.35706, -0.83208, 0.00323, 0.05093, 0.02572, -0.06194, -0.0695, -0.21093, 0.00621, 0.02572, 0.07641, 0.05278, -0.03592, -0.30771, 0.0143, -0.06194, 0.05278, 6.3862, 3.29469, 2.34049, 0.35706, -0.0695, -0.03592, 3.29469, 9.85001, 0.29279, -0.83208, -0.21093, -0.30771, 2.34049, 0.29279, 30.04096}",
    "CAAG={0.19011, -0.00937, 0.01997, -0.19291, 0.19153, -1.2057, -0.00937, 0.06169, 0.02431, 0.03206, -0.42612, 0.27426, 0.01997, 0.02431, 0.07206, 0.03587, -0.24962, -0.50417, -0.19291, 0.03206, 0.03587, 5.11389, 1.11618, 2.02822, 0.19153, -0.42612, -0.24962, 1.11618, 9.18277, -5.69856, -1.2057, 0.27426, -0.50417, 2.02822, -5.69856, 41.51583}",
    "CAAT={0.20056, 0.01228, 0.01625, -0.18729, 0.32066, -1.32026, 0.01228, 0.08155, 0.04237, -0.00867, -0.26122, -0.09432, 0.01625, 0.04237, 0.0977, 0.13791, -0.24799, -0.36844, -0.18729, -0.00867, 0.13791, 5.17097, 1.83485, -0.01984, 0.32066, -0.26122, -0.24799, 1.83485, 9.28497, -3.84357, -1.32026, -0.09432, -0.36844, -0.01984, -3.84357, 45.97758}",
    "GAAA={0.19603, 0.00433, 0.0151, -0.34147, -0.07281, -1.27031, 0.00433, 0.05809, 0.03323, 0.02747, -0.14995, -0.29907, 0.0151, 0.03323, 0.11774, 0.1758, -0.45106, -0.42867, -0.34147, 0.02747, 0.1758, 7.38033, 1.40154, 5.02263, -0.07281, -0.14995, -0.45106, 1.40154, 9.55979, 4.19359, -1.27031, -0.29907, -0.42867, 5.02263, 4.19359, 45.07167}",
    "GAAC={0.2276, -0.00295, -0.00356, -0.23843, 0.41368, -1.42196, -0.00295, 0.07833, 0.0626, -0.0329, -0.48429, -0.53547, -0.00356, 0.0626, 0.13763, -0.03283, -0.61244, -0.81526, -0.23843, -0.0329, -0.03283, 6.6863, -0.29982, 3.14735, 0.41368, -0.48429, -0.61244, -0.29982, 14.72398, 0.79884, -1.42196, -0.53547, -0.81526, 3.14735, 0.79884, 51.3048}",
    "GAAG={0.20503, 0.01393, 0.01629, -0.36573, 0.03255, -1.07562, 0.01393, 0.07713, 0.0303, -0.00381, -0.10488, -0.05449, 0.01629, 0.0303, 0.09753, 0.21514, -0.15084, -0.19243, -0.36573, -0.00381, 0.21514, 6.68805, -0.6371, 3.7546, 0.03255, -0.10488, -0.15084, -0.6371, 7.69621, 0.81059, -1.07562, -0.05449, -0.19243, 3.7546, 0.81059, 45.51194}",
    "GAAT={0.17724, 0.00822, 0.00806, -0.1705, -0.07065, -0.86192, 0.00822, 0.05091, 0.02243, -0.0105, 0.0002, -0.23918, 0.00806, 0.02243, 0.08712, -0.03037, -0.37855, -0.4484, -0.1705, -0.0105, -0.03037, 8.16147, 3.95332, 2.2111, -0.07065, 0.0002, -0.37855, 3.95332, 13.23917, 5.29179, -0.86192, -0.23918, -0.4484, 2.2111, 5.29179, 47.77422}",
    "TAAA={0.21122, 0.00059, 0.00168, -0.24151, 0.06478, -1.11292, 0.00059, 0.06878, 0.03143, -0.0466, -0.3671, -0.03849, 0.00168, 0.03143, 0.12037, 0.06194, -0.22899, -0.82224, -0.24151, -0.0466, 0.06194, 5.2712, 1.88326, 2.37539, 0.06478, -0.3671, -0.22899, 1.88326, 8.44163, 1.4454, -1.11292, -0.03849, -0.82224, 2.37539, 1.4454, 43.67697}",
    "TAAC={0.2062, -0.02254, 0.01598, -0.30298, 0.28442, -1.3183, -0.02254, 0.06992, 0.03032, 0.06812, -0.29406, 0.15181, 0.01598, 0.03032, 0.08771, 0.2, -0.11253, -0.6975, -0.30298, 0.06812, 0.2, 4.4955, -0.1778, 3.69547, 0.28442, -0.29406, -0.11253, -0.1778, 8.68197, -0.91347, -1.3183, 0.15181, -0.6975, 3.69547, -0.91347, 58.20086}",
    "TAAG={0.22693, 0.0119, 0.01898, -0.28656, -0.01085, -1.28802, 0.0119, 0.07142, 0.02958, -0.12819, -0.59032, 0.00326, 0.01898, 0.02958, 0.09447, 0.16648, -0.73207, -0.30461, -0.28656, -0.12819, 0.16648, 10.35793, 2.37489, 5.61723, -0.01085, -0.59032, -0.73207, 2.37489, 14.43511, 6.27393, -1.28802, 0.00326, -0.30461, 5.61723, 6.27393, 54.02346}",
    "TAAT={0.13551, -0.00956, -0.01246, -0.14564, 0.18404, -0.76884, -0.00956, 0.02932, 0.0045, -0.05097, -0.08992, 0.07799, -0.01246, 0.0045, 0.07274, 0.01982, -0.32668, -0.26554, -0.14564, -0.05097, 0.01982, 6.247, 1.87377, 2.09208, 0.18404, -0.08992, -0.32668, 1.87377, 11.69642, 2.2418, -0.76884, 0.07799, -0.26554, 2.09208, 2.2418, 39.84768}",
    "AACA={0.13627, -0.00875, 0.00184, -0.20241, 0.08154, 0.30496, -0.00875, 0.06735, 0.03598, 0.10816, -0.0317, 0.3157, 0.00184, 0.03598, 0.09947, -0.00045, -0.25428, -0.38077, -0.20241, 0.10816, -0.00045, 5.29665, 2.13124, 0.79825, 0.08154, -0.0317, -0.25428, 2.13124, 9.54096, 6.60137, 0.30496, 0.3157, -0.38077, 0.79825, 6.60137, 32.32259}",
    "AACC={0.10047, -0.00208, -0.0132, -0.01514, 0.11463, 0.11968, -0.00208, 0.09154, 0.00495, 0.17165, 0.09663, 0.24011, -0.0132, 0.00495, 0.11904, -0.10234, -0.2166, -0.23374, -0.01514, 0.17165, -0.10234, 3.54419, 0.84367, 0.08424, 0.11463, 0.09663, -0.2166, 0.84367, 8.59331, 0.23545, 0.11968, 0.24011, -0.23374, 0.08424, 0.23545, 31.83563}",
    "AACG={0.145, 0.01958, 0.03747, -0.23207, -0.08048, -0.21421, 0.01958, 0.0691, 0.02043, -0.03213, 0.01304, 0.71957, 0.03747, 0.02043, 0.12294, -0.16247, -0.40843, -0.96868, -0.23207, -0.03213, -0.16247, 4.54121, 2.7087, 5.23326, -0.08048, 0.01304, -0.40843, 2.7087, 9.57604, 8.07006, -0.21421, 0.71957, -0.96868, 5.23326, 8.07006, 48.02765}",
    "AACT={0.1095, 0.00807, 0.0116, -0.11387, -0.03401, 0.19625, 0.00807, 0.10027, 0.02108, -0.08476, -0.14494, 0.70461, 0.0116, 0.02108, 0.10685, 0.14193, -0.26785, -0.20064, -0.11387, -0.08476, 0.14193, 5.40966, 1.08743, -1.90417, -0.03401, -0.14494, -0.26785, 1.08743, 7.43183, 2.70997, 0.19625, 0.70461, -0.20064, -1.90417, 2.70997, 38.1285}",
    "CACA={0.1321, 0.00861, -0.00188, -0.21301, -0.02304, 0.1934, 0.00861, 0.11315, 0.01515, 0.20651, 0.15313, 0.43316, -0.00188, 0.01515, 0.06884, -0.01685, -0.14456, -0.41003, -0.21301, 0.20651, -0.01685, 3.72445, 1.25874, 0.81639, -0.02304, 0.15313, -0.14456, 1.25874, 7.16034, 5.30324, 0.1934, 0.43316, -0.41003, 0.81639, 5.30324, 32.92647}",
    "CACC={0.10844, 0.0038, -0.00851, -0.05736, 0.252, 0.42376, 0.0038, 0.08253, 0.00864, -0.14707, 0.07267, 0.33735, -0.00851, 0.00864, 0.07608, -0.01222, -0.15157, -0.57385, -0.05736, -0.14707, -0.01222, 4.66872, 1.92669, 2.63186, 0.252, 0.07267, -0.15157, 1.92669, 6.9937, 5.70393, 0.42376, 0.33735, -0.57385, 2.63186, 5.70393, 25.41321}",
    "CACG={0.14841, 0.02743, 0.01476, -0.16191, 0.03123, 0.23527, 0.02743, 0.11054, 0.01793, 0.08075, 0.30667, 0.78377, 0.01476, 0.01793, 0.09071, -0.07552, -0.19592, -0.3695, -0.16191, 0.08075, -0.07552, 3.80207, 2.29063, 1.8412, 0.03123, 0.30667, -0.19592, 2.29063, 14.70206, 10.81702, 0.23527, 0.78377, -0.3695, 1.8412, 10.81702, 45.23295}",
    "CACT={0.12507, 0.00351, -0.00986, -0.25276, 0.12134, 0.40675, 0.00351, 0.0688, 0.00664, 0.03477, -0.02711, 0.05871, -0.00986, 0.00664, 0.07006, 0.03828, -0.21246, -0.54297, -0.25276, 0.03477, 0.03828, 3.4918, 1.3801, -1.98133, 0.12134, -0.02711, -0.21246, 1.3801, 11.80242, 6.77879, 0.40675, 0.05871, -0.54297, -1.98133, 6.77879, 29.96695}",
    "GACA={0.13977, 0.0039, -0.00554, 0.04436, -0.14406, 0.41208, 0.0039, 0.06612, 0.00421, -0.03176, -0.04721, 0.40947, -0.00554, 0.00421, 0.0656, 0.0043, -0.17754, -0.43922, 0.04436, -0.03176, 0.0043, 4.0767, 1.21181, 0.54524, -0.14406, -0.04721, -0.17754, 1.21181, 8.97368, 4.65505, 0.41208, 0.40947, -0.43922, 0.54524, 4.65505, 31.81909}",
    "GACC={0.1391, 0.02078, -0.01266, -0.03696, -0.03124, 0.03744, 0.02078, 0.11175, 0.00576, 0.17336, -0.07361, 0.5455, -0.01266, 0.00576, 0.09617, -0.00704, -0.00017, -0.30871, -0.03696, 0.17336, -0.00704, 3.60473, 0.85371, 1.45194, -0.03124, -0.07361, -0.00017, 0.85371, 10.28895, 4.38671, 0.03744, 0.5455, -0.30871, 1.45194, 4.38671, 38.55749}",
    "GACG={0.14374, 0.00034, 0.00603, -0.27602, -0.17762, 0.29261, 0.00034, 0.12073, 0.01538, 0.1686, -0.14202, 0.18313, 0.00603, 0.01538, 0.07957, 0.09204, -0.30954, -0.71006, -0.27602, 0.1686, 0.09204, 5.01554, 2.00892, 1.01238, -0.17762, -0.14202, -0.30954, 2.00892, 11.67616, 13.04757, 0.29261, 0.18313, -0.71006, 1.01238, 13.04757, 55.18495}",
    "GACT={0.1738, 0.02263, 0.00679, -0.15592, 0.06714, 0.66991, 0.02263, 0.0902, -0.00336, -0.09386, 0.07836, 0.65787, 0.00679, -0.00336, 0.1124, 0.06311, -0.39498, -0.69232, -0.15592, -0.09386, 0.06311, 4.45076, 0.96821, -1.37402, 0.06714, 0.07836, -0.39498, 0.96821, 14.31289, 11.63591, 0.66991, 0.65787, -0.69232, -1.37402, 11.63591, 48.69528}",
    "TACA={0.08171, 0.00926, 0.00064, -0.0967, 0.01507, 0.14179, 0.00926, 0.06874, 0.02405, -0.07786, 0.01289, 0.16906, 0.00064, 0.02405, 0.06355, -0.04317, -0.20751, -0.37928, -0.0967, -0.07786, -0.04317, 3.83475, 1.47652, 1.93252, 0.01507, 0.01289, -0.20751, 1.47652, 9.82329, 7.8764, 0.14179, 0.16906, -0.37928, 1.93252, 7.8764, 32.61426}",
    "TACC={0.09245, 0.01348, 0.00218, -0.18709, 0.08231, 0.06612, 0.01348, 0.06352, 0.0046, -0.02015, 0.02936, 0.31864, 0.00218, 0.0046, 0.08691, 0.04067, -0.1004, -0.40937, -0.18709, -0.02015, 0.04067, 5.04935, 1.45015, 0.37475, 0.08231, 0.02936, -0.1004, 1.45015, 7.45713, 4.65121, 0.06612, 0.31864, -0.40937, 0.37475, 4.65121, 26.34164}",
    "TACG={0.11744, 0.00466, 0.00608, 0.01184, 0.20235, 0.56065, 0.00466, 0.09693, -0.00304, 0.18417, 0.06755, 1.06303, 0.00608, -0.00304, 0.08618, -0.05605, -0.09249, -0.78447, 0.01184, 0.18417, -0.05605, 5.03211, 0.72269, 6.82215, 0.20235, 0.06755, -0.09249, 0.72269, 5.34954, 7.60692, 0.56065, 1.06303, -0.78447, 6.82215, 7.60692, 44.9418}",
    "TACT={0.16752, 0.00588, -0.00065, -0.13624, 0.18177, 0.53689, 0.00588, 0.06871, 0.01114, 0.0348, 0.00597, 0.4431, -0.00065, 0.01114, 0.08112, -0.03088, -0.25501, -0.38221, -0.13624, 0.0348, -0.03088, 2.74096, 0.78345, -1.70923, 0.18177, 0.00597, -0.25501, 0.78345, 9.04333, 7.52973, 0.53689, 0.4431, -0.38221, -1.70923, 7.52973, 33.57474}",
    "AAGA={0.19059, 0.0315, 0.02162, -0.5988, -0.06047, -2.32008, 0.0315, 0.06309, 0.01414, -0.03651, -0.12789, -0.57259, 0.02162, 0.01414, 0.10794, 0.10307, -0.23309, -0.66648, -0.5988, -0.03651, 0.10307, 6.01459, -0.04683, 11.54667, -0.06047, -0.12789, -0.23309, -0.04683, 9.25941, 4.53537, -2.32008, -0.57259, -0.66648, 11.54667, 4.53537, 66.05296}",
    "AAGC={0.16406, -0.03331, -0.03799, -0.48394, 0.24053, -0.21791, -0.03331, 0.08308, 0.03695, 0.00037, -0.0479, 0.0526, -0.03799, 0.03695, 0.11435, 0.21489, -0.14908, -0.57216, -0.48394, 0.00037, 0.21489, 4.36249, 0.31625, 1.2099, 0.24053, -0.0479, -0.14908, 0.31625, 8.39958, 4.56532, -0.21791, 0.0526, -0.57216, 1.2099, 4.56532, 49.3253}",
    "AAGG={0.15731, -0.00134, 0.00024, -0.20948, -0.13771, -0.63794, -0.00134, 0.0672, 0.03045, 0.20756, 0.12474, -0.17249, 0.00024, 0.03045, 0.09592, 0.22468, 0.0129, -0.61898, -0.20948, 0.20756, 0.22468, 5.80481, 0.53123, 0.03062, -0.13771, 0.12474, 0.0129, 0.53123, 4.94124, 3.96832, -0.63794, -0.17249, -0.61898, 0.03062, 3.96832, 35.20931}",
    "AAGT={0.13109, 0.01801, 0.03803, -0.06135, 0.01721, -0.96397, 0.01801, 0.05855, 0.00627, -0.02116, -0.20002, -0.36202, 0.03803, 0.00627, 0.10324, 0.23861, -0.07609, -0.37002, -0.06135, -0.02116, 0.23861, 7.73737, 0.8085, 0.70348, 0.01721, -0.20002, -0.07609, 0.8085, 8.53629, 3.09515, -0.96397, -0.36202, -0.37002, 0.70348, 3.09515, 29.48564}",
    "CAGA={0.11103, -0.01538, -0.00648, -0.19972, 0.0529, -0.45002, -0.01538, 0.08951, 0.01358, 0.16149, -0.03905, 0.16029, -0.00648, 0.01358, 0.07806, 0.19235, -0.11473, -0.35321, -0.19972, 0.16149, 0.19235, 3.2373, -0.11767, 0.28963, 0.0529, -0.03905, -0.11473, -0.11767, 7.51082, 1.99635, -0.45002, 0.16029, -0.35321, 0.28963, 1.99635, 42.37897}",
    "CAGC={0.17936, 0.00723, 0.01665, -0.22545, -0.0594, -1.38143, 0.00723, 0.08065, 0.02046, 0.08125, 0.12122, 0.03502, 0.01665, 0.02046, 0.09503, 0.15434, -0.22784, -0.68128, -0.22545, 0.08125, 0.15434, 3.88238, -0.11128, 2.3217, -0.0594, 0.12122, -0.22784, -0.11128, 5.35507, 3.01015, -1.38143, 0.03502, -0.68128, 2.3217, 3.01015, 38.78763}",
    "CAGG={0.14766, 0.00839, 0.00559, -0.19571, 0.06661, -1.1624, 0.00839, 0.05476, 0.02992, 0.07362, -0.08686, -0.28786, 0.00559, 0.02992, 0.07628, 0.10385, -0.17422, -0.43423, -0.19571, 0.07362, 0.10385, 4.43206, -0.73683, 2.52028, 0.06661, -0.08686, -0.17422, -0.73683, 5.23342, 0.36661, -1.1624, -0.28786, -0.43423, 2.52028, 0.36661, 36.24417}",
    "CAGT={0.14905, 0.02497, 0.00037, -0.17103, -0.04349, -1.0869, 0.02497, 0.07646, 0.02659, 0.09132, -0.0943, -0.19364, 0.00037, 0.02659, 0.11902, 0.11585, -0.29936, -0.81651, -0.17103, 0.09132, 0.11585, 4.24895, 1.43012, 2.2725, -0.04349, -0.0943, -0.29936, 1.43012, 7.17921, 3.56557, -1.0869, -0.19364, -0.81651, 2.2725, 3.56557, 39.13313}",
    "GAGA={0.12487, 0.02166, 0.04087, -0.02141, -0.05765, -0.83705, 0.02166, 0.0725, 0.03691, 0.02315, -0.17905, -0.27314, 0.04087, 0.03691, 0.10963, 0.28958, -0.2798, -0.73242, -0.02141, 0.02315, 0.28958, 3.90235, -0.4645, -1.84603, -0.05765, -0.17905, -0.2798, -0.4645, 5.20989, 1.46078, -0.83705, -0.27314, -0.73242, -1.84603, 1.46078, 23.37898}",
    "GAGC={0.15199, 0.01568, 0.00556, -0.39221, -0.12497, -1.21552, 0.01568, 0.05531, 0.01748, 0.04326, 0.18103, -0.19015, 0.00556, 0.01748, 0.07785, 0.00717, -0.15295, -0.37552, -0.39221, 0.04326, 0.00717, 4.97547, -0.54393, 3.56807, -0.12497, 0.18103, -0.15295, -0.54393, 6.46451, 2.03754, -1.21552, -0.19015, -0.37552, 3.56807, 2.03754, 26.05122}",
    "GAGG={0.18936, -0.0072, 0.00526, -0.23834, -0.15853, -1.20498, -0.0072, 0.07136, 0.0265, 0.05232, -0.01275, -0.10893, 0.00526, 0.0265, 0.08369, 0.13634, -0.27896, -0.62967, -0.23834, 0.05232, 0.13634, 3.01081, 0.08476, 3.81038, -0.15853, -0.01275, -0.27896, 0.08476, 5.18396, 3.46639, -1.20498, -0.10893, -0.62967, 3.81038, 3.46639, 35.58667}",
    "GAGT={0.08352, -0.00954, 0.00738, -0.03491, 0.22042, -0.02165, -0.00954, 0.08937, 0.03942, 0.06038, 0.0071, 0.13547, 0.00738, 0.03942, 0.10657, 0.12906, -0.06057, -0.15073, -0.03491, 0.06038, 0.12906, 3.77311, -0.69035, -3.68813, 0.22042, 0.0071, -0.06057, -0.69035, 4.15203, 2.04996, -0.02165, 0.13547, -0.15073, -3.68813, 2.04996, 25.99842}",
    "TAGA={0.14487, 0.01469, 0.02693, -0.14911, -0.07955, -0.86465, 0.01469, 0.05446, 0.01196, 0.11684, -0.1381, -0.31494, 0.02693, 0.01196, 0.04338, 0.03015, -0.2408, -0.70753, -0.14911, 0.11684, 0.03015, 3.89129, -0.76504, -1.65691, -0.07955, -0.1381, -0.2408, -0.76504, 6.70802, 6.89549, -0.86465, -0.31494, -0.70753, -1.65691, 6.89549, 34.12949}",
    "TAGC={0.12077, 0.00385, 0.01328, -0.17982, -0.02312, -0.71102, 0.00385, 0.04608, 0.00951, -0.00834, -0.11883, -0.08321, 0.01328, 0.00951, 0.06837, 0.15738, -0.03039, -0.24511, -0.17982, -0.00834, 0.15738, 2.64917, 0.26878, 0.58402, -0.02312, -0.11883, -0.03039, 0.26878, 4.79853, 4.18513, -0.71102, -0.08321, -0.24511, 0.58402, 4.18513, 35.01473}",
    "TAGG={0.13776, 0.02671, 0.01789, -0.15965, 0.0447, -1.43386, 0.02671, 0.06566, 0.01327, 0.01038, -0.01171, -0.2799, 0.01789, 0.01327, 0.06514, 0.04192, -0.10805, -0.89717, -0.15965, 0.01038, 0.04192, 2.60016, 0.44685, 2.55588, 0.0447, -0.01171, -0.10805, 0.44685, 3.83034, 2.67946, -1.43386, -0.2799, -0.89717, 2.55588, 2.67946, 44.96639}",
    "TAGT={0.13248, 0.00224, 0.01432, -0.0765, 0.02833, -1.22687, 0.00224, 0.06133, 0.01419, 0.03337, -0.08287, -0.05933, 0.01432, 0.01419, 0.07272, 0.07976, -0.08564, -0.33475, -0.0765, 0.03337, 0.07976, 2.69861, 0.58739, 0.696, 0.02833, -0.08287, -0.08564, 0.58739, 4.36461, 2.07633, -1.22687, -0.05933, -0.33475, 0.696, 2.07633, 29.46593}",
    "ACAA={0.1343, -0.03362, -0.01728, -0.20736, -0.01045, 0.74851, -0.03362, 0.05027, 0.02016, 0.06021, -0.0056, -0.45862, -0.01728, 0.02016, 0.05583, -0.026, -0.17241, -0.56301, -0.20736, 0.06021, -0.026, 3.62099, 0.5884, -0.57935, -0.01045, -0.0056, -0.17241, 0.5884, 2.54021, 4.19537, 0.74851, -0.45862, -0.56301, -0.57935, 4.19537, 30.02729}",
    "ACAC={0.10722, -0.00461, -0.00299, -0.27156, 0.06508, 0.24599, -0.00461, 0.0478, 0.03553, 0.05332, -0.03243, -0.30494, -0.00299, 0.03553, 0.08578, -0.04466, -0.20858, -0.72352, -0.27156, 0.05332, -0.04466, 3.38445, 0.01401, -1.17285, 0.06508, -0.03243, -0.20858, 0.01401, 3.13443, 4.05779, 0.24599, -0.30494, -0.72352, -1.17285, 4.05779, 21.55956}",
    "ACAG={0.08253, 0.00533, 0.00125, -0.16342, 0.01634, 0.23885, 0.00533, 0.04907, 0.02534, -0.0636, 0.04, -0.33416, 0.00125, 0.02534, 0.06813, -0.07592, -0.08584, -0.20667, -0.16342, -0.0636, -0.07592, 3.35832, -0.35898, 0.88806, 0.01634, 0.04, -0.08584, -0.35898, 2.40804, 1.43047, 0.23885, -0.33416, -0.20667, 0.88806, 1.43047, 19.42705}",
    "ACAT={0.09053, -0.00355, -0.00475, -0.24057, 0.00773, -0.00657, -0.00355, 0.05036, 0.01821, 0.03516, -0.04949, -0.36507, -0.00475, 0.01821, 0.05806, -0.09584, -0.14045, -0.35343, -0.24057, 0.03516, -0.09584, 4.15108, 0.24472, -0.66175, 0.00773, -0.04949, -0.14045, 0.24472, 2.59865, 1.61249, -0.00657, -0.36507, -0.35343, -0.66175, 1.61249, 23.53445}",
    "CCAA={0.11939, -0.00978, 0.00709, -0.32528, 0.01045, 0.23411, -0.00978, 0.05348, 0.03412, 0.00405, 0.08813, -0.29749, 0.00709, 0.03412, 0.08106, -0.13315, -0.13226, -0.6213, -0.32528, 0.00405, -0.13315, 4.12955, 0.45076, 1.62354, 0.01045, 0.08813, -0.13226, 0.45076, 2.2528, 1.37079, 0.23411, -0.29749, -0.6213, 1.62354, 1.37079, 30.53706}",
    "CCAC={0.10718, -0.00422, -0.01096, -0.2812, 0.14616, 0.42562, -0.00422, 0.05222, 0.02651, 0.07054, 0.01096, -0.08406, -0.01096, 0.02651, 0.09245, 0.02991, -0.29815, -0.12719, -0.2812, 0.07054, 0.02991, 3.04097, -0.60965, -1.2143, 0.14616, 0.01096, -0.29815, -0.60965, 3.45764, 0.69488, 0.42562, -0.08406, -0.12719, -1.2143, 0.69488, 23.66183}",
    "CCAG={0.09124, 0.01066, -0.01038, -0.22352, 0.06535, 0.24976, 0.01066, 0.05972, 0.02812, 0.02519, 0.01728, -0.08752, -0.01038, 0.02812, 0.06838, 0.02874, -0.20428, -0.52567, -0.22352, 0.02519, 0.02874, 3.35715, 0.21919, -0.25916, 0.06535, 0.01728, -0.20428, 0.21919, 1.88841, 2.40575, 0.24976, -0.08752, -0.52567, -0.25916, 2.40575, 19.91537}",
    "CCAT={0.08849, 0.0028, 0.00794, -0.20614, 0.0107, 0.02117, 0.0028, 0.05823, 0.03213, -0.03583, -0.06262, -0.22593, 0.00794, 0.03213, 0.09794, -0.1245, -0.25893, -0.64954, -0.20614, -0.03583, -0.1245, 4.90389, 1.25331, 1.94782, 0.0107, -0.06262, -0.25893, 1.25331, 2.27508, 3.64468, 0.02117, -0.22593, -0.64954, 1.94782, 3.64468, 24.0314}",
    "GCAA={0.09896, -0.00298, -0.0002, -0.19152, -0.05715, 0.2129, -0.00298, 0.05808, 0.02425, -0.09007, 0.09327, -0.20613, -0.0002, 0.02425, 0.07947, -0.05969, -0.20777, -0.57593, -0.19152, -0.09007, -0.05969, 3.10813, -0.35323, -0.51768, -0.05715, 0.09327, -0.20777, -0.35323, 3.50146, 2.01906, 0.2129, -0.20613, -0.57593, -0.51768, 2.01906, 23.11197}",
    "GCAC={0.09059, -0.00899, -0.00803, -0.14692, 0.10242, 0.19361, -0.00899, 0.04891, 0.02818, -0.02755, 0.10567, -0.30765, -0.00803, 0.02818, 0.07969, -0.04815, -0.19909, -0.3675, -0.14692, -0.02755, -0.04815, 3.43117, 0.04681, 0.94738, 0.10242, 0.10567, -0.19909, 0.04681, 3.67243, 0.17397, 0.19361, -0.30765, -0.3675, 0.94738, 0.17397, 17.26468}",
    "GCAG={0.09996, -0.0051, -0.00527, -0.33463, -0.08312, 0.31588, -0.0051, 0.08354, 0.0234, 0.01512, 0.24697, -0.22968, -0.00527, 0.0234, 0.08261, 0.06551, -0.17768, -0.56817, -0.33463, 0.01512, 0.06551, 3.62255, -0.5953, -1.29311, -0.08312, 0.24697, -0.17768, -0.5953, 3.27993, 0.83783, 0.31588, -0.22968, -0.56817, -1.29311, 0.83783, 23.1861}",
    "GCAT={0.14514, 0.02115, -0.01096, -0.35161, -0.15044, 0.23677, 0.02115, 0.08374, 0.01886, -0.10989, 0.19777, -0.29811, -0.01096, 0.01886, 0.06946, -0.02271, -0.0596, -0.33491, -0.35161, -0.10989, -0.02271, 3.67404, 0.40099, -0.82743, -0.15044, 0.19777, -0.0596, 0.40099, 3.5499, -0.57423, 0.23677, -0.29811, -0.33491, -0.82743, -0.57423, 25.83645}",
    "TCAA={0.07569, -0.00676, -0.00612, -0.11627, 0.02397, 0.16705, -0.00676, 0.04743, 0.02356, 0.01523, 0.12547, -0.30851, -0.00612, 0.02356, 0.07358, -0.0442, -0.1839, -0.51298, -0.11627, 0.01523, -0.0442, 3.04184, 0.67271, -0.19678, 0.02397, 0.12547, -0.1839, 0.67271, 3.49086, 1.62094, 0.16705, -0.30851, -0.51298, -0.19678, 1.62094, 19.79694}",
    "TCAC={0.12195, 0.00464, -0.00292, -0.23979, 0.12137, 0.36647, 0.00464, 0.05464, 0.02644, 0.04354, 0.06418, -0.20698, -0.00292, 0.02644, 0.07831, -0.04106, -0.17852, -0.48282, -0.23979, 0.04354, -0.04106, 3.52647, -0.12052, 0.27892, 0.12137, 0.06418, -0.17852, -0.12052, 2.37183, 1.35569, 0.36647, -0.20698, -0.48282, 0.27892, 1.35569, 24.74365}",
    "TCAG={0.14169, -0.01186, 0.00481, -0.40348, 0.02129, 0.44878, -0.01186, 0.07863, 0.04702, -0.00393, 0.11965, -0.3208, 0.00481, 0.04702, 0.10574, -0.16003, -0.15721, -0.7246, -0.40348, -0.00393, -0.16003, 4.89992, 0.72679, 1.26851, 0.02129, 0.11965, -0.15721, 0.72679, 2.71758, 0.972, 0.44878, -0.3208, -0.7246, 1.26851, 0.972, 35.47784}",
    "TCAT={0.09308, 0.02154, -0.01984, -0.18724, 0.00682, 0.51357, 0.02154, 0.07936, 0.02392, -0.04438, -0.04649, -0.13258, -0.01984, 0.02392, 0.09284, -0.00125, -0.30969, -0.38094, -0.18724, -0.04438, -0.00125, 2.60724, 1.03902, -0.53652, 0.00682, -0.04649, -0.30969, 1.03902, 2.92493, 1.92791, 0.51357, -0.13258, -0.38094, -0.53652, 1.92791, 28.36898}",
    "AGAA={0.22023, -0.01846, -0.01356, -0.54138, -0.0588, -1.33599, -0.01846, 0.05176, 0.028, 0.13929, -0.00653, 0.02723, -0.01356, 0.028, 0.10225, 0.25631, -0.14302, -0.6255, -0.54138, 0.13929, 0.25631, 7.84695, 3.05832, 3.48594, -0.0588, -0.00653, -0.14302, 3.05832, 8.42454, 4.07495, -1.33599, 0.02723, -0.6255, 3.48594, 4.07495, 32.05324}",
    "AGAC={0.17581, 0.01775, -0.00158, -0.60712, 0.18467, -0.78251, 0.01775, 0.06963, 0.01435, 0.07423, 0.14063, -0.11067, -0.00158, 0.01435, 0.0707, 0.01603, -0.168, -0.35388, -0.60712, 0.07423, 0.01603, 6.75631, 0.9942, 2.13564, 0.18467, 0.14063, -0.168, 0.9942, 7.30874, -0.02703, -0.78251, -0.11067, -0.35388, 2.13564, -0.02703, 36.69323}",
    "AGAG={0.13863, 0.00706, 0.00557, -0.42047, 0.01069, -0.75141, 0.00706, 0.0685, 0.03387, 0.05394, 0.07854, -0.08261, 0.00557, 0.03387, 0.08923, 0.13387, -0.26125, -0.19677, -0.42047, 0.05394, 0.13387, 6.7107, 1.6849, 3.50179, 0.01069, 0.07854, -0.26125, 1.6849, 4.23727, 1.89629, -0.75141, -0.08261, -0.19677, 3.50179, 1.89629, 28.01003}",
    "AGAT={0.13258, -0.01736, 0.01475, -0.15725, -0.19467, -0.83244, -0.01736, 0.03506, 0.01091, -0.05423, -0.27585, 0.02967, 0.01475, 0.01091, 0.1031, -0.07676, -0.61076, -0.55466, -0.15725, -0.05423, -0.07676, 7.01168, 1.10484, 2.85618, -0.19467, -0.27585, -0.61076, 1.10484, 15.76029, 7.4018, -0.83244, 0.02967, -0.55466, 2.85618, 7.4018, 29.17244}",
    "CGAA={0.19496, 0.01223, 0.01515, -0.64544, -0.11744, -1.77297, 0.01223, 0.09224, 0.04575, 0.0047, -0.14551, -0.23766, 0.01515, 0.04575, 0.09031, 0.00751, -0.24865, -0.5006, -0.64544, 0.0047, 0.00751, 8.95674, 3.79625, 5.88548, -0.11744, -0.14551, -0.24865, 3.79625, 6.64823, 4.98616, -1.77297, -0.23766, -0.5006, 5.88548, 4.98616, 53.47095}",
    "CGAC={0.18733, 0.00909, -0.00201, -0.46625, 0.15868, -1.27544, 0.00909, 0.07937, 0.0335, 0.07412, -0.03868, -0.69256, -0.00201, 0.0335, 0.10596, 0.24219, -0.26882, -0.66299, -0.46625, 0.07412, 0.24219, 5.87276, 0.83174, 2.53483, 0.15868, -0.03868, -0.26882, 0.83174, 7.47161, 3.41047, -1.27544, -0.69256, -0.66299, 2.53483, 3.41047, 47.25895}",
    "CGAG={0.15228, -0.03301, -0.03244, -0.45903, 0.06845, -1.47972, -0.03301, 0.08995, 0.04936, 0.05852, 0.0448, 0.39864, -0.03244, 0.04936, 0.079, 0.17132, -0.13375, 0.048, -0.45903, 0.05852, 0.17132, 6.30889, 1.3095, 3.87899, 0.06845, 0.0448, -0.13375, 1.3095, 3.27325, 3.62322, -1.47972, 0.39864, 0.048, 3.87899, 3.62322, 38.47395}",
    "CGAT={0.19574, 0.01958, 0.01245, -0.33624, 0.31652, -1.46051, 0.01958, 0.07441, 0.03867, 0.05525, 0.09044, -0.14843, 0.01245, 0.03867, 0.0792, 0.10934, 0.04752, -0.70063, -0.33624, 0.05525, 0.10934, 6.07618, 1.57187, 2.2239, 0.31652, 0.09044, 0.04752, 1.57187, 5.80471, 0.87474, -1.46051, -0.14843, -0.70063, 2.2239, 0.87474, 40.54645}",
    "GGAA={0.1971, -0.03214, 0.00179, -0.45783, 0.15103, -1.77243, -0.03214, 0.0592, 0.02227, 0.16314, -0.07472, 0.23903, 0.00179, 0.02227, 0.06756, 0.08819, -0.11803, -0.57588, -0.45783, 0.16314, 0.08819, 6.91201, 2.44434, 2.98481, 0.15103, -0.07472, -0.11803, 2.44434, 6.23439, 0.51432, -1.77243, 0.23903, -0.57588, 2.98481, 0.51432, 49.43698}",
    "GGAC={0.20103, 0.01857, 0.01078, -0.25989, 0.12769, -1.36448, 0.01857, 0.06652, 0.02534, 0.06424, -0.17525, -0.26781, 0.01078, 0.02534, 0.11622, 0.12649, -0.31612, -0.96879, -0.25989, 0.06424, 0.12649, 7.97506, 2.45283, 1.31823, 0.12769, -0.17525, -0.31612, 2.45283, 9.44598, 1.80313, -1.36448, -0.26781, -0.96879, 1.31823, 1.80313, 54.06288}",
    "GGAG={0.12154, -0.00017, -0.00475, -0.40343, 0.07985, -0.84989, -0.00017, 0.07632, 0.03566, 0.014, 0.05902, 0.1913, -0.00475, 0.03566, 0.10249, 0.26523, -0.18565, -0.29343, -0.40343, 0.014, 0.26523, 5.45863, 1.25867, 4.49049, 0.07985, 0.05902, -0.18565, 1.25867, 4.29019, 3.81449, -0.84989, 0.1913, -0.29343, 4.49049, 3.81449, 36.59466}",
    "GGAT={0.15873, -0.00055, 0.00317, -0.3242, 0.04191, -1.2928, -0.00055, 0.0632, 0.02716, -0.01437, -0.12449, 0.14264, 0.00317, 0.02716, 0.08059, 0.08364, -0.15903, -0.43793, -0.3242, -0.01437, 0.08364, 5.88044, 0.92388, 2.63896, 0.04191, -0.12449, -0.15903, 0.92388, 7.18688, 3.95159, -1.2928, 0.14264, -0.43793, 2.63896, 3.95159, 38.69011}",
    "TGAA={0.16739, -0.01392, -0.01952, -0.43625, 0.19821, -1.41228, -0.01392, 0.07891, 0.04201, 0.11184, -0.04249, 0.13989, -0.01952, 0.04201, 0.08841, 0.1085, -0.10802, -0.35453, -0.43625, 0.11184, 0.1085, 6.692, 1.58863, 2.85009, 0.19821, -0.04249, -0.10802, 1.58863, 5.12442, 0.47651, -1.41228, 0.13989, -0.35453, 2.85009, 0.47651, 33.69485}",
    "TGAC={0.18836, -0.02512, 0.00686, -0.26553, 0.19297, -0.53475, -0.02512, 0.09666, 0.05102, 0.004, -0.10257, 0.1834, 0.00686, 0.05102, 0.10801, 0.18564, -0.12511, -0.77271, -0.26553, 0.004, 0.18564, 6.05962, 1.15293, -1.36962, 0.19297, -0.10257, -0.12511, 1.15293, 3.87641, 3.34808, -0.53475, 0.1834, -0.77271, -1.36962, 3.34808, 38.83711}",
    "TGAG={0.14662, 0.00634, 0.00612, -0.36926, 0.2696, -0.94948, 0.00634, 0.06059, 0.01523, -0.05803, -0.02656, -0.24389, 0.00612, 0.01523, 0.08319, 0.14212, -0.10355, -0.66089, -0.36926, -0.05803, 0.14212, 5.64193, 1.04849, 3.05784, 0.2696, -0.02656, -0.10355, 1.04849, 5.41664, 1.27307, -0.94948, -0.24389, -0.66089, 3.05784, 1.27307, 35.16749}",
    "TGAT={0.19854, 0.01656, 0.01791, -0.59192, 0.17642, -1.76337, 0.01656, 0.07672, 0.04505, 0.0893, -0.02993, -0.24567, 0.01791, 0.04505, 0.10327, 0.11844, 0.01539, -0.67692, -0.59192, 0.0893, 0.11844, 10.25358, 4.05101, 5.10163, 0.17642, -0.02993, 0.01539, 4.05101, 11.24466, 5.50415, -1.76337, -0.24567, -0.67692, 5.10163, 5.50415, 49.02418}",
    "AGGA={0.15666, -0.01327, 0.00629, -0.37709, -0.15329, -1.03198, -0.01327, 0.08477, 0.03716, 0.09981, -0.0211, -0.12924, 0.00629, 0.03716, 0.10326, 0.12902, -0.27524, -0.57005, -0.37709, 0.09981, 0.12902, 4.22489, 0.63812, 0.8268, -0.15329, -0.0211, -0.27524, 0.63812, 6.58893, 6.85072, -1.03198, -0.12924, -0.57005, 0.8268, 6.85072, 37.87711}",
    "AGGC={0.09254, -0.00351, 0.00598, -0.23646, -0.07867, -0.88239, -0.00351, 0.05567, 0.0249, 0.09656, -0.03306, -0.01972, 0.00598, 0.0249, 0.08219, 0.28296, -0.22984, -0.43962, -0.23646, 0.09656, 0.28296, 4.14424, -0.6159, 0.60041, -0.07867, -0.03306, -0.22984, -0.6159, 4.2753, 4.86377, -0.88239, -0.01972, -0.43962, 0.60041, 4.86377, 30.02161}",
    "AGGG={0.13017, -0.02466, -0.00085, -0.33763, -0.05117, -1.06595, -0.02466, 0.08165, 0.00551, 0.0476, 0.16574, 0.40922, -0.00085, 0.00551, 0.07519, 0.06965, -0.22781, -0.43873, -0.33763, 0.0476, 0.06965, 3.27281, 0.38089, 1.19948, -0.05117, 0.16574, -0.22781, 0.38089, 3.25089, 3.93807, -1.06595, 0.40922, -0.43873, 1.19948, 3.93807, 39.94232}",
    "AGGT={0.13511, -0.01365, 0.00874, -0.30278, 0.05011, -1.0989, -0.01365, 0.0553, 0.02668, 0.13492, -0.17753, -0.24227, 0.00874, 0.02668, 0.08168, 0.14317, -0.15736, -0.5071, -0.30278, 0.13492, 0.14317, 5.04744, 0.77776, 3.40944, 0.05011, -0.17753, -0.15736, 0.77776, 4.48151, 5.42234, -1.0989, -0.24227, -0.5071, 3.40944, 5.42234, 35.61494}",
    "CGGA={0.16639, 0.00952, -0.00954, -0.36486, 0.21398, -1.15195, 0.00952, 0.09604, 0.04418, 0.31405, 0.0097, -0.16631, -0.00954, 0.04418, 0.11258, 0.21879, -0.29428, -0.75355, -0.36486, 0.31405, 0.21879, 4.13554, -0.59135, -1.51762, 0.21398, 0.0097, -0.29428, -0.59135, 5.14266, 3.89051, -1.15195, -0.16631, -0.75355, -1.51762, 3.89051, 51.22727}",
    "CGGC={0.20105, 0.00351, 0.03073, -0.49958, 0.06638, -1.9684, 0.00351, 0.06644, 0.02517, 0.17214, 0.10153, 0.13496, 0.03073, 0.02517, 0.12587, 0.22103, -0.20441, -1.10069, -0.49958, 0.17214, 0.22103, 4.52888, 0.26218, 2.09001, 0.06638, 0.10153, -0.20441, 0.26218, 4.84819, 4.92761, -1.9684, 0.13496, -1.10069, 2.09001, 4.92761, 48.89377}",
    "CGGG={0.08654, -0.00843, 0.01361, -0.32967, -0.04699, -0.58795, -0.00843, 0.06195, 0.02319, 0.0336, 0.00041, 0.07038, 0.01361, 0.02319, 0.08106, 0.10794, -0.18877, -0.69862, -0.32967, 0.0336, 0.10794, 4.99264, -0.12541, 1.21666, -0.04699, 0.00041, -0.18877, -0.12541, 2.41488, 3.60142, -0.58795, 0.07038, -0.69862, 1.21666, 3.60142, 26.82653}",
    "CGGT={0.0671, -0.00754, 0.00387, -0.086, -0.0078, -0.50961, -0.00754, 0.04542, 0.01287, 0.13058, 0.09256, -0.20658, 0.00387, 0.01287, 0.05558, 0.02098, -0.08648, -0.38006, -0.086, 0.13058, 0.02098, 3.18459, 1.81575, 0.19132, -0.0078, 0.09256, -0.08648, 1.81575, 4.54099, 2.19597, -0.50961, -0.20658, -0.38006, 0.19132, 2.19597, 24.37096}",
    "GGGA={0.14329, -0.00642, 0.00205, -0.3094, 0.0995, -1.10894, -0.00642, 0.05782, 0.0214, 0.05122, 0.00925, -0.01977, 0.00205, 0.0214, 0.07513, 0.07258, -0.17048, -0.35615, -0.3094, 0.05122, 0.07258, 3.27799, 0.07153, 2.06363, 0.0995, 0.00925, -0.17048, 0.07153, 4.39433, 1.34614, -1.10894, -0.01977, -0.35615, 2.06363, 1.34614, 38.37052}",
    "GGGC={0.1633, -0.00535, 0.0247, -0.32935, 0.01014, -1.21076, -0.00535, 0.05393, 0.02498, 0.10175, 0.0655, -0.05262, 0.0247, 0.02498, 0.10224, 0.08249, -0.24469, -1.00241, -0.32935, 0.10175, 0.08249, 3.36809, -0.32624, 1.27666, 0.01014, 0.0655, -0.24469, -0.32624, 4.34217, 6.58033, -1.21076, -0.05262, -1.00241, 1.27666, 6.58033, 42.95982}",
    "GGGG={0.21321, 0.00232, -0.00985, -0.62026, 0.01808, -1.77297, 0.00232, 0.07552, 0.0211, -0.00675, 0.10667, -0.01271, -0.00985, 0.0211, 0.08932, 0.02327, -0.20322, -0.59937, -0.62026, -0.00675, 0.02327, 3.04524, 0.42451, 6.80949, 0.01808, 0.10667, -0.20322, 0.42451, 3.54184, 2.99436, -1.77297, -0.01271, -0.59937, 6.80949, 2.99436, 51.45028}",
    "GGGT={0.11654, -0.01031, 0.00216, -0.07784, 0.21907, -0.64218, -0.01031, 0.0543, 0.0096, -0.11459, 0.05577, 0.19591, 0.00216, 0.0096, 0.06203, 0.04139, -0.14041, -0.49948, -0.07784, -0.11459, 0.04139, 4.01017, 0.93747, -0.11111, 0.21907, 0.05577, -0.14041, 0.93747, 3.84858, 3.49631, -0.64218, 0.19591, -0.49948, -0.11111, 3.49631, 31.00254}",
    "TGGA={0.12783, -0.00296, 0.0093, -0.33574, -0.08888, -1.23106, -0.00296, 0.08666, 0.01582, 0.1194, -0.00175, 0.05245, 0.0093, 0.01582, 0.0716, 0.06629, -0.12623, -0.49254, -0.33574, 0.1194, 0.06629, 2.73526, 0.16196, 1.91373, -0.08888, -0.00175, -0.12623, 0.16196, 4.34337, 6.39472, -1.23106, 0.05245, -0.49254, 1.91373, 6.39472, 39.15359}",
    "TGGC={0.15943, -0.03361, -0.03514, -0.59256, 0.05725, -1.48588, -0.03361, 0.07549, 0.03126, 0.24367, 0.02642, 0.04531, -0.03514, 0.03126, 0.12419, 0.28747, -0.05319, -0.54435, -0.59256, 0.24367, 0.28747, 5.27512, -0.21639, 3.77394, 0.05725, 0.02642, -0.05319, -0.21639, 4.22143, 3.01539, -1.48588, 0.04531, -0.54435, 3.77394, 3.01539, 44.75604}",
    "TGGG={0.16796, -0.03339, -0.01309, -0.45229, -0.08489, -1.40809, -0.03339, 0.08802, 0.04451, 0.14674, 0.08257, 0.49574, -0.01309, 0.04451, 0.09273, 0.16012, -0.09695, -0.55301, -0.45229, 0.14674, 0.16012, 4.34832, -0.31679, 3.10034, -0.08489, 0.08257, -0.09695, -0.31679, 3.43917, 6.61535, -1.40809, 0.49574, -0.55301, 3.10034, 6.61535, 48.94743}",
    "TGGT={0.09985, -0.01288, 0.01025, -0.13799, 0.08298, -0.62298, -0.01288, 0.10707, 0.0425, 0.16554, 0.09352, -0.26428, 0.01025, 0.0425, 0.08242, 0.18312, -0.10158, -0.61277, -0.13799, 0.16554, 0.18312, 4.79244, 1.01862, -0.47169, 0.08298, 0.09352, -0.10158, 1.01862, 4.36098, 3.94117, -0.62298, -0.26428, -0.61277, -0.47169, 3.94117, 28.10243}",
    "AATA={0.12205, -0.0, 0.0, -0.16753, 0.0, -0.0, -0.0, 0.07157, 0.01578, 0.0, 0.03399, 0.27576, 0.0, 0.01578, 0.09949, 0.0, -0.21546, -0.40067, -0.16753, 0.0, 0.0, 3.94107, -0.0, -0.0, 0.0, 0.03399, -0.21546, -0.0, 13.12296, 6.47032, -0.0, 0.27576, -0.40067, -0.0, 6.47032, 37.04925}",
    "AATC={0.14282, -0.0, 0.0, -0.26162, 0.0, -0.0, -0.0, 0.07583, 0.03609, 0.0, -0.06653, 0.47326, 0.0, 0.03609, 0.09879, 0.0, -0.22669, -0.61032, -0.26162, 0.0, 0.0, 5.89949, -0.0, -0.0, 0.0, -0.06653, -0.22669, -0.0, 12.24841, 6.93711, -0.0, 0.47326, -0.61032, -0.0, 6.93711, 51.57291}",
    "AATG={0.14521, -0.0, -0.0, -0.00403, 0.0, 0.0, -0.0, 0.08456, 0.01467, 0.0, -0.22506, 0.20485, -0.0, 0.01467, 0.0878, 0.0, -0.24571, -0.44526, -0.00403, 0.0, 0.0, 4.42867, -0.0, -0.0, 0.0, -0.22506, -0.24571, -0.0, 7.33603, 2.00077, 0.0, 0.20485, -0.44526, -0.0, 2.00077, 40.534}",
    "AATT={0.18051, -0.0, -0.0, -0.12987, 0.0, 0.0, -0.0, 0.10965, 0.04107, 0.0, -0.16174, 0.46284, -0.0, 0.04107, 0.09485, 0.0, -0.12835, -0.43843, -0.12987, 0.0, 0.0, 6.34469, -0.0, -0.0, 0.0, -0.16174, -0.12835, -0.0, 14.76853, 8.63445, 0.0, 0.46284, -0.43843, -0.0, 8.63445, 44.22017}",
    "CATA={0.11108, -0.0, 0.0, 0.03205, -0.0, -0.0, -0.0, 0.08729, 0.01641, 0.0, 0.07679, 0.36578, 0.0, 0.01641, 0.08356, 0.0, -0.16362, -0.35217, 0.03205, 0.0, 0.0, 2.27444, 0.0, 0.0, -0.0, 0.07679, -0.16362, 0.0, 8.00206, 3.55087, -0.0, 0.36578, -0.35217, 0.0, 3.55087, 30.14168}",
    "CATG={0.20894, -0.0, 0.0, -0.15365, -0.0, -0.0, -0.0, 0.07187, 0.01757, -0.0, -0.15361, 0.09905, 0.0, 0.01757, 0.08164, 0.0, -0.05341, -0.62426, -0.15365, -0.0, 0.0, 5.7956, 0.0, 0.0, -0.0, -0.15361, -0.05341, 0.0, 11.80201, 7.08811, -0.0, 0.09905, -0.62426, 0.0, 7.08811, 33.5346}",
    "GATA={0.13506, -0.0, -0.0, 0.00406, 0.0, 0.0, -0.0, 0.07165, 0.03462, 0.0, -0.05364, 0.08057, -0.0, 0.03462, 0.09119, 0.0, -0.1042, -0.24459, 0.00406, 0.0, 0.0, 4.56964, 0.0, 0.0, 0.0, -0.05364, -0.1042, 0.0, 9.89396, 5.70114, 0.0, 0.08057, -0.24459, 0.0, 5.70114, 41.67979}",
    "GATC={0.17271, -0.0, -0.0, 0.03187, -0.0, -0.0, -0.0, 0.10804, 0.04154, -0.0, 0.06471, 0.97318, -0.0, 0.04154, 0.12715, -0.0, -0.129, -0.75927, 0.03187, -0.0, -0.0, 4.66756, -0.0, -0.0, -0.0, 0.06471, -0.129, -0.0, 16.36286, 9.86401, -0.0, 0.97318, -0.75927, -0.0, 9.86401, 66.44474}",
    "GATG={0.17495, -0.0, -0.0, -0.17088, 0.0, -0.0, -0.0, 0.08899, 0.02707, 0.0, 0.00801, 0.47271, -0.0, 0.02707, 0.10996, 0.0, -0.19055, -0.62036, -0.17088, 0.0, 0.0, 5.65481, -0.0, 0.0, 0.0, 0.00801, -0.19055, -0.0, 16.58207, 9.14454, -0.0, 0.47271, -0.62036, 0.0, 9.14454, 52.31083}",
    "TATA={0.15168, -0.0, 0.0, 0.02473, 0.0, -0.0, -0.0, 0.08394, 0.00791, 0.0, -0.13471, 0.34865, 0.0, 0.00791, 0.08039, 0.0, -0.13057, -0.64319, 0.02473, 0.0, 0.0, 4.18047, -0.0, 0.0, 0.0, -0.13471, -0.13057, -0.0, 11.60808, 6.64437, -0.0, 0.34865, -0.64319, 0.0, 6.64437, 36.76539}",
    "ACGA={0.06954, 0.0, 0.0, -0.22636, 0.0, -0.0, 0.0, 0.05809, 0.0153, -0.0, -0.02782, -0.30556, 0.0, 0.0153, 0.05646, -0.0, -0.06346, -0.24212, -0.22636, -0.0, -0.0, 3.6468, -0.0, 0.0, 0.0, -0.02782, -0.06346, -0.0, 4.00146, 0.67024, -0.0, -0.30556, -0.24212, 0.0, 0.67024, 17.79137}",
    "ACGC={0.07582, 0.0, 0.0, -0.29559, -0.0, -0.0, 0.0, 0.04644, 0.02524, -0.0, 0.07337, -0.12446, 0.0, 0.02524, 0.08278, -0.0, -0.1338, -0.44297, -0.29559, -0.0, -0.0, 2.93083, 0.0, 0.0, -0.0, 0.07337, -0.1338, 0.0, 4.61246, 4.10373, -0.0, -0.12446, -0.44297, 0.0, 4.10373, 20.37538}",
    "ACGG={0.12763, -0.0, -0.0, -0.42236, 0.0, -0.0, -0.0, 0.06044, 0.04935, 0.0, -0.09555, 0.0599, -0.0, 0.04935, 0.14227, 0.0, -0.42411, -0.53066, -0.42236, 0.0, 0.0, 4.90273, -0.0, -0.0, 0.0, -0.09555, -0.42411, -0.0, 4.32357, 3.00419, -0.0, 0.0599, -0.53066, -0.0, 3.00419, 22.25132}",
    "ACGT={0.06619, -0.0, -0.0, -0.16224, -0.0, -0.0, -0.0, 0.07404, 0.04652, 0.0, 0.04774, -0.32605, -0.0, 0.04652, 0.09548, 0.0, -0.06487, -0.6157, -0.16224, 0.0, 0.0, 6.02419, -0.0, -0.0, -0.0, 0.04774, -0.06487, -0.0, 2.16216, 2.26818, -0.0, -0.32605, -0.6157, -0.0, 2.26818, 19.85182}",
    "CCGA={0.09177, 0.0, 0.0, -0.32369, 0.0, -0.0, 0.0, 0.07087, 0.02856, -0.0, 0.1391, -0.38836, 0.0, 0.02856, 0.09234, -0.0, 0.0569, -1.15696, -0.32369, -0.0, -0.0, 3.66582, -0.0, 0.0, 0.0, 0.1391, 0.0569, -0.0, 4.58342, -6.42392, -0.0, -0.38836, -1.15696, 0.0, -6.42392, 45.46833}",
    "CCGG={0.11203, -0.0, -0.0, -0.25031, -0.0, 0.0, -0.0, 0.06995, 0.02747, 0.0, 0.07226, -0.4296, -0.0, 0.02747, 0.06157, 0.0, -0.08126, -0.93453, -0.25031, 0.0, 0.0, 2.47476, -0.0, -0.0, -0.0, 0.07226, -0.08126, -0.0, 3.86565, -0.36004, 0.0, -0.4296, -0.93453, -0.0, -0.36004, 29.8645}",
    "GCGA={0.07438, -0.0, 0.0, -0.30263, -0.0, -0.0, -0.0, 0.06493, 0.04298, 0.0, -0.05691, -0.50021, 0.0, 0.04298, 0.13008, 0.0, -0.29741, -0.664, -0.30263, 0.0, 0.0, 3.41412, 0.0, 0.0, -0.0, -0.05691, -0.29741, 0.0, 4.95992, 1.4403, -0.0, -0.50021, -0.664, 0.0, 1.4403, 26.7009}",
    "GCGC={0.03947, 0.0, 0.0, -0.18957, -0.0, -0.0, 0.0, 0.08519, 0.00864, 0.0, 0.14747, -0.04611, 0.0, 0.00864, 0.06663, -0.0, -0.15867, -0.58666, -0.18957, 0.0, -0.0, 2.65481, 0.0, 0.0, -0.0, 0.14747, -0.15867, 0.0, 4.5302, 3.77676, -0.0, -0.04611, -0.58666, 0.0, 3.77676, 25.23468}",
    "GCGG={0.08208, 0.0, 0.0, -0.21296, 0.0, -0.0, 0.0, 0.04888, 0.0273, -0.0, 0.03271, -0.21989, 0.0, 0.0273, 0.08445, -0.0, -0.13098, -0.45725, -0.21296, -0.0, -0.0, 3.00093, -0.0, 0.0, 0.0, 0.03271, -0.13098, -0.0, 5.51404, -0.68333, -0.0, -0.21989, -0.45725, 0.0, -0.68333, 21.77052}",
    "TCGA={0.06382, -0.0, -0.0, -0.22661, -0.0, -0.0, -0.0, 0.03932, 0.0113, 0.0, 0.05747, -0.01887, -0.0, 0.0113, 0.06335, 0.0, -0.05919, -0.36206, -0.22661, 0.0, 0.0, 5.15521, 0.0, 0.0, -0.0, 0.05747, -0.05919, 0.0, 2.04163, 0.74427, -0.0, -0.01887, -0.36206, 0.0, 0.74427, 13.13998}",
    "AGCA={0.08228, 0.0, -0.0, 0.06214, 0.0, 0.0, 0.0, 0.08907, 0.01657, 0.0, 0.39494, 0.57268, -0.0, 0.01657, 0.09489, 0.0, -0.33347, -0.46956, 0.06214, 0.0, 0.0, 2.55687, 0.0, 0.0, 0.0, 0.39494, -0.33347, 0.0, 8.10815, 5.625, 0.0, 0.57268, -0.46956, 0.0, 5.625, 28.69081}",
