// ForceConstants_Cohen2017_dim data file
// Zoe Wefers (McGill University, July 2021, DIMACS REU)


// Cohen2017_dim force field force constants


#ifndef emDNA_ForceConstants_Cohen2017_dim_h
#define emDNA_ForceConstants_Cohen2017_dim_h


const std::string ForceConstants_Cohen2017_dim[16] = {

    "AA={0.14606, -0.00786, -0.00980, -0.17473, 0.17775, -0.81123, -0.00786, 0.03413, 0.01087, -0.03952, -0.11458, 0.03482, -0.00980, 0.01087, 0.07439, -0.01673, -0.23312, -0.30223, -0.17473, -0.03952, -0.01673, 6.17248, 1.73999, 0.97345, 0.17775, -0.11458, -0.23312, 1.73999, 9.49213, 1.68625, -0.81123, 0.03482, -0.30223, 0.97345, 1.68625, 37.21964}",
    "AC={0.14716, 0.01546, 0.00975, -0.12670, 0.10360, 0.28923, 0.01546, 0.07968, 0.01323, -0.00372, 0.10711, 0.69168, 0.00975, 0.01323, 0.09197, 0.01355, -0.26579, -0.33234, -0.12670, -0.00372, 0.01355, 2.44432, 1.16504, -0.35921, 0.10360, 0.10711, -0.26579, 1.16504, 10.92810, 7.43765, 0.28923, 0.69168, -0.33234, -0.35921, 7.43765, 36.56861}",
    "AG={0.13187, 0.00252, 0.01327, -0.12384, 0.09554, -1.12337, 0.00252, 0.06012, 0.01647, -0.02451, -0.04314, -0.19792, 0.01327, 0.01647, 0.06173, 0.01509, -0.14315, -0.26587, -0.12384, -0.02451, 0.01509, 2.71225, 0.96143, 0.87230, 0.09554, -0.04314, -0.14315, 0.96143, 4.57210, 2.86914, -1.12337, -0.19792, -0.26587, 0.87230, 2.86914, 30.94753}",
    "CA={0.07900, 0.01453, -0.02145, -0.13886, -0.04948, 0.38322, 0.01453, 0.07823, 0.02323, -0.01909, -0.03002, -0.35302, -0.02145, 0.02323, 0.09879, 0.00923, -0.29341, -0.63114, -0.13886, -0.01909, 0.00923, 2.80792, 1.34067, 0.02730, -0.04948, -0.03002, -0.29341, 1.34067, 2.89315, 2.74427, 0.38322, -0.35302, -0.63114, 0.02730, 2.74427, 29.89506}",
    "GA={0.18749, 0.00410, 0.01036, -0.55975, 0.11777, -1.73123, 0.00410, 0.07788, 0.03981, 0.06798, -0.00718, 0.16383, 0.01036, 0.03981, 0.10039, 0.07859, -0.01868, -0.48812, -0.55975, 0.06798, 0.07859, 10.09004, 3.47083, 6.08970, 0.11777, -0.00718, -0.01868, 3.47083, 8.37770, 4.14978, -1.73123, 0.16383, -0.48812, 6.08970, 4.14978, 50.33234}",
    "GG={0.09922, -0.00944, 0.00974, -0.08101, 0.11657, -0.63244, -0.00944, 0.09910, 0.04446, 0.17115, 0.08140, -0.21868, 0.00974, 0.04446, 0.08536, 0.18193, -0.09527, -0.61319, -0.08101, 0.17115, 0.18193, 4.58469, 1.11767, -0.15348, 0.11657, 0.08140, -0.09527, 1.11767, 4.39947, 4.22545, -0.63244, -0.21868, -0.61319, -0.15348, 4.22545, 29.49711}",
    "AT={0.12971, 0.00000, 0.00000, 0.02040, -0.00000, -0.00000, 0.00000, 0.07120, 0.00969, -0.00000, -0.10550, 0.14636, 0.00000, 0.00969, 0.08778, -0.00000, -0.23747, -0.85562, 0.02040, -0.00000, -0.00000, 4.51956, -0.00000, -0.00000, -0.00000, -0.10550, -0.23747, -0.00000, 11.10302, 5.92884, -0.00000, 0.14636, -0.85562, -0.00000, 5.92884, 33.86278}",
    "CG={0.06142, -0.00000, -0.00000, -0.18108, 0.00000, 0.00000, -0.00000, 0.03662, 0.00608, 0.00000, 0.05234, -0.01428, -0.00000, 0.00608, 0.06207, 0.00000, -0.11299, -0.35186, -0.18108, 0.00000, 0.00000, 5.05408, 0.00000, 0.00000, 0.00000, 0.05234, -0.11299, 0.00000, 2.17804, 0.83991, 0.00000, -0.01428, -0.35186, 0.00000, 0.83991, 13.60046}",
    "GC={0.07513, -0.00000, -0.00000, -0.23811, -0.00000, -0.00000, -0.00000, 0.06836, 0.01861, 0.00000, 0.13015, 0.24233, -0.00000, 0.01861, 0.07379, 0.00000, -0.22443, -0.73707, -0.23811, 0.00000, 0.00000, 4.26030, 0.00000, 0.00000, -0.00000, 0.13015, -0.22443, 0.00000, 6.45907, 7.93500, -0.00000, 0.24233, -0.73707, 0.00000, 7.93500, 27.78666}",
    "TA={0.13930, -0.00000, -0.00000, -0.35227, 0.00000, 0.00000, -0.00000, 0.03131, 0.01673, 0.00000, 0.06907, -0.12061, -0.00000, 0.01673, 0.06430, 0.00000, -0.10367, -0.45330, -0.35227, 0.00000, 0.00000, 4.11815, -0.00000, -0.00000, 0.00000, 0.06907, -0.10367, -0.00000, 1.93770, 1.34969, 0.00000, -0.12061, -0.45330, -0.00000, 1.34969, 28.56402}",
    "CC={0.09922, -0.00944, 0.00974, -0.08101, 0.11657, -0.63244, -0.00944, 0.09910, 0.04446, 0.17115, 0.08140, -0.21868, 0.00974, 0.04446, 0.08536, 0.18193, -0.09527, -0.61319, -0.08101, 0.17115, 0.18193, 4.58469, 1.11767, -0.15348, 0.11657, 0.08140, -0.09527, 1.11767, 4.39947, 4.22545, -0.63244, -0.21868, -0.61319, -0.15348, 4.22545, 29.49711}",
    "CT={0.13187, 0.00252, 0.01327, -0.12384, 0.09554, -1.12337, 0.00252, 0.06012, 0.01647, -0.02451, -0.04314, -0.19792, 0.01327, 0.01647, 0.06173, 0.01509, -0.14315, -0.26587, -0.12384, -0.02451, 0.01509, 2.71225, 0.96143, 0.87230, 0.09554, -0.04314, -0.14315, 0.96143, 4.57210, 2.86914, -1.12337, -0.19792, -0.26587, 0.87230, 2.86914, 30.94753}",
    "TC={0.18749, 0.00410, 0.01036, -0.55975, 0.11777, -1.73123, 0.00410, 0.07788, 0.03981, 0.06798, -0.00718, 0.16383, 0.01036, 0.03981, 0.10039, 0.07859, -0.01868, -0.48812, -0.55975, 0.06798, 0.07859, 10.09004, 3.47083, 6.08970, 0.11777, -0.00718, -0.01868, 3.47083, 8.37770, 4.14978, -1.73123, 0.16383, -0.48812, 6.08970, 4.14978, 50.33234}",
    "TT={0.14606, -0.00786, -0.00980, -0.17473, 0.17775, -0.81123, -0.00786, 0.03413, 0.01087, -0.03952, -0.11458, 0.03482, -0.00980, 0.01087, 0.07439, -0.01673, -0.23312, -0.30223, -0.17473, -0.03952, -0.01673, 6.17248, 1.73999, 0.97345, 0.17775, -0.11458, -0.23312, 1.73999, 9.49213, 1.68625, -0.81123, 0.03482, -0.30223, 0.97345, 1.68625, 37.21964}",
    "TG={0.07900, 0.01453, -0.02145, -0.13886, -0.04948, 0.38322, 0.01453, 0.07823, 0.02323, -0.01909, -0.03002, -0.35302, -0.02145, 0.02323, 0.09879, 0.00923, -0.29341, -0.63114, -0.13886, -0.01909, 0.00923, 2.80792, 1.34067, 0.02730, -0.04948, -0.03002, -0.29341, 1.34067, 2.89315, 2.74427, 0.38322, -0.35302, -0.63114, 0.02730, 2.74427, 29.89506}",
    "GT={0.14716, 0.01546, 0.00975, -0.12670, 0.10360, 0.28923, 0.01546, 0.07968, 0.01323, -0.00372, 0.10711, 0.69168, 0.00975, 0.01323, 0.09197, 0.01355, -0.26579, -0.33234, -0.12670, -0.00372, 0.01355, 2.44432, 1.16504, -0.35921, 0.10360, 0.10711, -0.26579, 1.16504, 10.92810, 7.43765, 0.28923, 0.69168, -0.33234, -0.35921, 7.43765, 36.56861}"

};


#endif  // emDNA_ForceConstants_Cohen2017_dim_h
