// ForceConstants_Olson1998 data file
// Nicolas Clauvelin


// Olson1998 force field force constants


#ifndef emDNA_ForceConstants_Olson1998_h
#define emDNA_ForceConstants_Olson1998_h


const std::string ForceConstants_Olson1998[16] = {

    "AA={0.1, -0.001, 0.001, -0.149, -0.098, -0.288, -0.001, 0.049, 0.031, 0.017, -0.137, 0.087, 0.001, 0.031, 0.092, 0.175, 0.022, 0.072, -0.149, 0.017, 0.175, 3.978, 1.559, 1.868, -0.098, -0.137, 0.022, 1.559, 6.16, 1.33, -0.288, 0.087, 0.072, 1.868, 1.33, 21.748}",
    "AC={0.111, 0.014, 0.004, -0.033, -0.01, 0.396, 0.014, 0.08, 0.027, -0.041, 0.049, 0.245, 0.004, 0.027, 0.073, -0.044, -0.048, -0.276, -0.033, -0.041, -0.044, 2.944, -0.102, -0.412, -0.01, 0.049, -0.048, -0.102, 6.366, 2.51, 0.396, 0.245, -0.276, -0.412, 2.51, 23.86}",
    "AG={0.149, 0.026, 0.005, -0.282, -0.124, -1.044, 0.026, 0.096, 0.015, 0.003, 0.1, -0.018, 0.005, 0.015, 0.064, 0.164, 0.102, -0.147, -0.282, 0.003, 0.164, 3.205, 1.38, 2.58, -0.124, 0.1, 0.102, 1.38, 7.187, 4.501, -1.044, -0.018, -0.147, 2.58, 4.501, 29.496}",
    "AT={0.166, 0., 0., -0.151, 0., 0., 0., 0.055, 0.029, 0., -0.06, -0.03, 0., 0.029, 0.07, 0., -0.09, -0.409, -0.151, 0., 0., 3.172, 0., 0., 0., -0.06, -0.09, 0., 10.694, 0.487, 0., -0.03, -0.409, 0., 0.487, 25.547}",
    "CA={0.082, -0.001, -0.016, -0.037, 0.062, 0.189, -0.001, 0.048, 0.007, 0.018, 0.082, 0.004, -0.016, 0.007, 0.043, -0.087, -0.183, -0.321, -0.037, 0.018, -0.087, 3.733, 0.871, 1.747, 0.062, 0.082, -0.183, 0.871, 2.395, 2.369, 0.189, 0.004, -0.321, 1.747, 2.369, 18.235}",
    "CC={0.119, 0.003, 0.008, -0.227, 0.16, 0.851, 0.003, 0.064, -0.001, -0.119, 0.143, 0.427, 0.008, -0.001, 0.041, -0.04, -0.061, -0.196, -0.227, -0.119, -0.04, 2.425, -0.309, -1.563, 0.16, 0.143, -0.061, -0.309, 3.542, 5.423, 0.851, 0.427, -0.196, -1.563, 5.423, 30.312}",
    "CG={0.068, 0., 0., -0.137, 0., 0., 0., 0.05, 0.024, 0., 0.005, -0.02, 0., 0.024, 0.047, 0., 0.056, -0.162, -0.137, 0., 0., 1.586, 0., 0., 0., 0.005, 0.056, 0., 3.301, 0.191, 0., -0.02, -0.162, 0., 0.191, 14.164}",
    "CT={0.149, -0.026, -0.005, -0.282, 0.124, 1.044, -0.026, 0.096, 0.015, -0.003, 0.1, -0.018, -0.005, 0.015, 0.064, -0.164, 0.102, -0.147, -0.282, -0.003, -0.164, 3.205, -1.38, -2.58, 0.124, 0.1, 0.102, -1.38, 7.187, 4.501, 1.044, -0.018, -0.147, -2.58, 4.501, 29.496}",
    "GA={0.087, -0.01, 0., -0.132, 0.068, -0.502, -0.01, 0.046, 0.011, -0.009, -0.05, 0.362, 0., 0.011, 0.071, 0.087, -0.069, -0.408, -0.132, -0.009, 0.087, 6.542, 1.75, 0.148, 0.068, -0.05, -0.069, 1.75, 2.78, -0.27, -0.502, 0.362, -0.408, 0.148, -0.27, 22.82}",
    "GC={0.082, 0., 0., -0.236, 0., 0., 0., 0.082, 0.005, 0., 0.412, 0.63, 0., 0.005, 0.055, 0., -0.159, -0.239, -0.236, 0., 0., 3.35, 0., 0., 0., 0.412, -0.159, 0., 6.244, 6.804, 0., 0.63, -0.239, 0., 6.804, 25.86}",
    "GG={0.119, -0.003, -0.008, -0.227, -0.16, -0.851, -0.003, 0.064, -0.001, 0.119, 0.143, 0.427, -0.008, -0.001, 0.041, 0.04, -0.061, -0.196, -0.227, 0.119, 0.04, 2.425, 0.309, 1.563, -0.16, 0.143, -0.061, 0.309, 3.542, 5.423, -0.851, 0.427, -0.196, 1.563, 5.423, 30.312}",
    "GT={0.111, -0.014, -0.004, -0.033, 0.01, -0.396, -0.014, 0.08, 0.027, 0.041, 0.049, 0.245, -0.004, 0.027, 0.073, 0.044, -0.048, -0.276, -0.033, 0.041, 0.044, 2.944, 0.102, 0.412, 0.01, 0.049, -0.048, 0.102, 6.366, 2.51, -0.396, 0.245, -0.276, 0.412, 2.51, 23.86}",
    "TA={0.148, 0., 0., -0.176, 0., 0., 0., 0.029, 0.013, 0., 0.061, -0.102, 0., 0.013, 0.052, 0., -0.067, -0.5, -0.176, 0., 0., 3.86, 0., 0., 0., 0.061, -0.067, 0., 2.35, 0.234, 0., -0.102, -0.5, 0., 0.234, 21.914}",
    "TC={0.087, 0.01, 0., -0.132, -0.068, 0.502, 0.01, 0.046, 0.011, 0.009, -0.05, 0.362, 0., 0.011, 0.071, -0.087, -0.069, -0.408, -0.132, 0.009, -0.087, 6.542, -1.75, -0.148, -0.068, -0.05, -0.069, -1.75, 2.78, -0.27, 0.502, 0.362, -0.408, -0.148, -0.27, 22.82}",
    "TG={0.082, 0.001, 0.016, -0.037, -0.062, -0.189, 0.001, 0.048, 0.007, -0.018, 0.082, 0.004, 0.016, 0.007, 0.043, 0.087, -0.183, -0.321, -0.037, -0.018, 0.087, 3.733, -0.871, -1.747, -0.062, 0.082, -0.183, -0.871, 2.395, 2.369, -0.189, 0.004, -0.321, -1.747, 2.369, 18.235}",
    "TT={0.1, 0.001, -0.001, -0.149, 0.098, 0.288, 0.001, 0.049, 0.031, -0.017, -0.137, 0.087, -0.001, 0.031, 0.092, -0.175, 0.022, 0.072, -0.149, -0.017, -0.175, 3.978, -1.559, -1.868, 0.098, -0.137, 0.022, -1.559, 6.16, 1.33, 0.288, 0.087, 0.072, -1.868, 1.33, 21.748}"

};


#endif  // emDNA_ForceConstants_Olson1998_h
