{{0, 0, 0}, {{1, 0, 0}, {0, 1, 0}, {0, 0, 1}}}
{{0.15102947837400482, -0.04297159150853584, 3.396372114328066}, {{0.8474529769014905, 0.5272186338716652, -0.06216079181684114}, {-0.5234000250835877, 0.8493544181457744, 0.06818714042070136}, {0.0887460741852913, -0.025250435139772983, 0.9957341762950345}}}
{{0.6028293832380264, -0.17151974756674893, 6.763767579303764}, {{0.4427291065805597, 0.8960194965713495, -0.033763885297822094}, {-0.8790652300102417, 0.44115806242164807, 0.18062083309357646}, {0.17673499815661808, -0.050285442469986084, 0.9829730996839016}}}
{{1.3515451171039246, -0.38454774063195385, 10.073456964130118}, {{-0.07900462200151667, 0.9919603176137981, 0.09885847450739756}, {-0.9614965232253647, -0.10200981164707694, 0.25518313845797713}, {0.2632160814386778, -0.0748914321351929, 0.9618256431728187}}}
{{2.3907889013200876, -0.6802380909788729, 13.2972031659394}, {{-0.5508034642430395, 0.7832699873346002, 0.28827707282876563}, {-0.758876142970726, -0.6137712350370657, 0.2176967401477315}, {0.34745149792127905, -0.09885847450739745, 0.9324722294043555}}}
{{3.711694274346621, -1.0560680727958272, 16.40750231879867}, {{-0.8320677374588894, 0.33267412520142337, 0.44383691453225416}, {-0.3519378198644069, -0.935119401916262, 0.04112754683737064}, {0.4287225807315636, -0.12198209123162118, 0.895163291355062}}}
{{5.302991737278979, -1.5088312371918735, 19.377818446996326}, {{-0.8540114003268707, -0.2204422848490681, 0.4712427475964577}, {0.11953422169720565, -0.9647022726695375, -0.23465100670883945}, {0.5063359536463709, -0.14406499976313072, 0.850217135729614}}}
{{7.151104901239105, -2.0346647684881805, 22.182809860630552}, {{-0.6367377773754601, -0.7027942917505866, 0.3172462550539403}, {0.5085220814695736, -0.6920129869009997, -0.5123702944338289}, {0.5796294467336961, -0.16491879651254948, 0.7980172272802394}}}
{{9.24026631633844, -2.629082440399409, 24.79854536197234}, {{-0.2736629900720821, -0.9618256431728192, 0}, {0.7107977271162089, -0.20223938997653718, -0.6736956436465569}, {0.6479777457530761, -0.18436556423885295, 0.7390089172206591}}}
{{11.552651994000923, -3.28701289093458, 27.2027084180066}, {{0.10844336261889753, -0.9148166061520514, -0.3890380626781243}, {0.694986782773843, 0.3495851916920395, -0.628318044877992}, {0.7107977271162089, -0.20223938997653756, 0.6736956436465573}}}
{{14.068533474948964, -4.002842889469472, 29.37478755722327}, {{0.3968809120728279, -0.5763518334240532, -0.7143557277302197}, {0.503336139461735, 0.7874803752581313, -0.35570688676924594}, {0.7675534328918059, -0.2183877805465428, 0.6026346363792565}}}
{{16.76644614546194, -4.770465226851131, 31.296251366260083}, {{0.5294264488724026, -0.05470436968679387, -0.8465902593176506}, {0.225776804221624, 0.9710153057283538, 0.07844814030135892}, {0.8177606434096879, -0.23267296357428763, 0.5264321628773561}}}
{{19.623372365892248, -5.583330819953033, 32.950706593387395}, {{0.5070468016603803, 0.4822856365111926, -0.7143557277302197}, {-0.03997529600019916, 0.8410640660859552, 0.5394564045858159}, {0.86099100845228, -0.24497306291499296, 0.44573835577653853}}}
{{22.61493784905099, -6.434504586143166, 34.324038009951835}, {{0.3806970964862817, 0.8611639017398643, -0.3368478218232786}, {-0.22513039836914034, 0.4396342800407057, 0.869504458610329}, {0.8968757017876365, -0.2551831384579767, 0.36124166618715325}}}
{{25.715619613032136, -7.316724610963813, 35.404528836530304}, {{0.22063752957399582, 0.9592099983684824, 0.17673499815661767}, {-0.30901976992841307, -0.10311873497092061, 0.9454487338250479}, {0.9251085678648064, -0.2632160814386775, 0.2736629900720832}}}
{{28.898963734294995, -8.222464104225224, 36.18296070636076}, {{0.08317379163854216, 0.7446748106470784, 0.6622246950787972}, {-0.3149743038615704, -0.6108163553613697, 0.7264258860544349}, {0.9454487338250476, -0.26900335761991984, 0.18374951781657073}}}
{{32.13781104321247, -9.143995615925645, 36.65269231319716}, {{-0.010466817747137369, 0.2875025974573837, 0.9577226645441282}, {-0.2875025974573833, -0.9181984582838354, 0.2724955920018613}, {0.9577226645441278, -0.2724955920018613, 0.09226835946330245}}}
{{35.40452883653029, -10.073456964130104, 36.80971607259267}, {{-0.07489143213519273, -0.263216081438678, 0.9618256431728184}, {-0.26321608143867764, -0.9251085678648069, -0.273662990072083}, {0.961825643172818, -0.27366299007208245, 0}}}
{{38.671246629848106, -11.002918312334563, 36.65269231319716}, {{-0.14245154640717284, -0.7278088352700542, 0.670821776799957}, {-0.24994970443010942, -0.6293174490210818, -0.7358564354633983}, {0.9577226645441278, -0.27249559200186124, -0.09226835946330142}}}
{{41.910093938765584, -11.924449824034983, 36.18296070636076}, {{-0.23652838692732886, -0.9546886596321013, 0.18062083309357577}, {-0.22401119143062542, -0.1273057609029188, -0.9662361147021775}, {0.9454487338250476, -0.2690033576199197, -0.18374951781656967}}}
{{45.09343806002844, -12.830189317296394, 35.404528836530304}, {{-0.3502677542841381, -0.8698217960599774, -0.34745149792127983}, {-0.14658321176680478, 0.41728567860766813, -0.8968757017876362}, {0.9251085678648062, -0.2632160814386773, -0.27366299007208217}}}
{{48.19411982400958, -13.712409342117041, 34.32403800995184}, {{-0.44219107749805425, -0.500738681014148, -0.7441289030250876}, {0.009001473437325172, 0.8271289737295798, -0.5619400629008476}, {0.8968757017876362, -0.2551831384579766, -0.3612416661871522}}}
{{51.18568530716832, -14.563583108307174, 32.9507065933874}, {{-0.4521441609235975, 0.03271566294997353, -0.8913446825669846}, {0.2329380628128869, 0.9689777519859732, -0.0825952483451006}, {0.8609910084522796, -0.24497306291499282, -0.4457383557765374}}}
{{54.04261152759862, -15.376448701409075, 31.296251366260094}, {{-0.331271267565868, 0.5576842800885947, -0.7610831695861945}, {0.47066641836387174, 0.7967757123329147, 0.3789743881331565}, {0.8177606434096873, -0.23267296357428752, -0.5264321628773548}}}
{{56.7405241981116, -16.144071038790734, 29.374787557223286}, {{-0.07246261973713654, 0.9045792021569203, -0.4201019349705262}, {0.6368758877495944, 0.36611916684749535, 0.6784879212410938}, {0.7675534328918052, -0.2183877805465427, -0.6026346363792554}}}
{{59.25640567905964, -16.859901037325624, 27.20270841800662}, {{0.2736629900720826, 0.9618256431728188, 0}, {0.6479777457530753, -0.18436556423885395, 0.7390089172206589}, {0.7107977271162083, -0.20223938997653726, -0.6736956436465562}}}
{{61.56879135672212, -17.517831487860793, 24.798545361972362}, {{0.606859748428382, 0.7112953239253417, 0.35465505480591014}, {0.46026740786873155, -0.6782833485239279, 0.5727875804946941}, {0.6479777457530755, -0.18436556423885248, -0.7390089172206581}}}
{{63.657952771821456, -18.11224915977202, 22.182809860630577}, {{0.8090677485099264, 0.2332298563057922, 0.5394564045858167}, {0.09715494223283733, -0.9583348186747841, 0.26861737195368085}, {0.5796294467336955, -0.16491879651254882, -0.7980172272802384}}}
{{65.50606593578158, -18.638082691068323, 19.377818446996354}, {{0.789021785532269, -0.32042649591606037, 0.5241864960778972}, {-0.34794902500292785, -0.936254311903664, -0.048573032037412346}, {0.5063359536463704, -0.1440649997631301, -0.8502171357296129}}}
{{67.09736339871394, -19.090845855464366, 16.407502318798702}, {{0.522166860765755, -0.7751221711594675, 0.35570688676924556}, {-0.737250783850992, -0.6199241801993153, -0.2686173719536825}, {0.4287225807315633, -0.12198209123162057, -0.895163291355061}}}
{{68.41826877174047, -19.46667583728132, 13.297203165939436}, {{0.06880573441855987, -0.9890584839070635, 0.13049554138966982}, {-0.9351701596519103, -0.10950030789696753, -0.33684782182327905}, {0.3474514979212788, -0.0988584745073968, -0.9324722294043545}}}
{{69.45751255595664, -19.762366187628235, 10.073456964130157}, {{-0.4389916108930564, -0.8970829057791236, -0.05028544246998694}, {-0.8590713940282169, 0.4354693256150463, -0.2690033576199202}, {0.26321608143867764, -0.07489143213519203, -0.9618256431728177}}}
{{70.20622828982253, -19.975394180693435, 6.763767579303806}, {{-0.8391840832456257, -0.529571336961371, -0.12379124967517988}, {-0.5143294808328375, 0.8467736257964953, -0.13579253220144152}, {0.17673499815661808, -0.05028544246998503, -0.9829730996839005}}}
{{70.65802819468655, -20.103942336751643, 3.396372114328113}, {{-0.9960536499415342, -0.0011228333997286566, -0.08874607418529212}, {0.0011228333997299333, 0.9996805263534986, -0.025250435139772157}, {0.08874607418529143, -0.02525043513977178, -0.9957341762950331}}}
{{70.80905767306055, -20.146913928260176, 0}, {{-0.8502171357296124, 0.5264321628773561, 0}, {0.5264321628773556, 0.8502171357296137, 0}, {0, 0, -0.9999999999999987}}}
{{70.65802819468655, -20.103942336751636, -3.3963721143280097}, {{-0.44297419694841345, 0.8943768203607528, 0.06216079181684144}, {0.8921311535612935, 0.4466010733603776, -0.0681871404207}, {-0.08874607418529085, 0.02525043513977437, -0.9957341762950334}}}
{{70.20622828982253, -19.975394180693417, -6.763767579303703}, {{0.09527760865928085, 0.9948779710787469, 0.03376388529782311}, {0.9796361149502127, -0.08768806610841187, -0.18062083309357535}, {-0.17673499815661753, 0.05028544246998752, -0.9829730996839008}}}
{{69.45751255595664, -19.762366187628206, -10.073456964130056}, {{0.5893708989174704, 0.8017910859614755, -0.09885847450739596}, {0.7637795742105687, -0.5928931841954812, -0.25518313845797674}, {-0.26321608143867714, 0.07489143213519434, -0.961825643172818}}}
{{68.41826877174049, -19.466675837281283, -13.297203165939337}, {{0.8806410572681377, 0.375988906132792, -0.288277072828764}, {0.32210058187763896, -0.9213356307465461, -0.217696740147732}, {-0.3474514979212783, 0.0988584745073989, -0.9324722294043548}}}
{{67.09736339871395, -19.090845855464323, -16.407502318798606}, {{0.8825686077384342, -0.15518197683084095, -0.44383691453225305}, {-0.19305336413931612, -0.9803259271719951, -0.04112754683737181}, {-0.4287225807315627, 0.12198209123162264, -0.8951632913550615}}}
{{65.50606593578159, -18.63808269106827, -19.377818446996258}, {{0.610047217863627, -0.6370028766140595, -0.47124274759645746}, {-0.6094803475271917, -0.7572797442350226, 0.23465100670883762}, {-0.5063359536463696, 0.14406499976313247, -0.8502171357296133}}}
{{63.65795277182147, -18.112249159771956, -22.182809860630485}, {{0.17139185022688339, -0.9327269950687898, -0.31724625505394105}, {-0.7966520809958342, -0.3206589203917414, 0.5123702944338271}, {-0.5796294467336948, 0.16491879651255115, -0.7980172272802388}}}
{{61.568791356722144, -17.51783148786072, -24.79854536197227}, {{-0.27366299007208367, -0.9618256431728187, 0}, {-0.7107977271162077, 0.2022393899765378, 0.6736956436465557}, {-0.6479777457530747, 0.1843655642388546, -0.7390089172206585}}}
{{59.25640567905967, -16.859901037325546, -27.20270841800653}, {{-0.5737892897674735, -0.7207046806673242, 0.3890380626781228}, {-0.40685678324758023, 0.6630867156007026, 0.6283180448779915}, {-0.7107977271162074, 0.20223938997653917, -0.6736956436465568}}}
{{56.74052419811163, -16.14407103879065, -29.374787557223197}, {{-0.6408450945360701, -0.28109332803907394, 0.7143557277302183}, {-0.013390013631747678, 0.9345016416464295, 0.35570688676924594}, {-0.7675534328918043, 0.21838778054654442, -0.6026346363792562}}}
{{54.04261152759866, -15.376448701408984, -31.29625136626001}, {{-0.478925578592856, 0.2321965180573765, 0.8465902593176493}, {0.3192143797820995, 0.9444300233599034, -0.0784481403013582}, {-0.8177606434096862, 0.23267296357428915, -0.5264321628773557}}}
{{51.185685307168356, -14.563583108307078, -32.95070659338732}, {{-0.17720920863528042, 0.6769732569561994, 0.7143557277302189}, {0.4767508570932857, 0.6940427996976568, -0.5394564045858149}, {-0.8609910084522784, 0.2449730629149943, -0.4457383557765383}}}
{{48.19411982400962, -13.712409342116942, -34.324038009951764}, {{0.1296691804296729, 0.932587501835409, 0.3368478218232784}, {0.42284734738393526, 0.2552687158018532, -0.8695044586103278}, {-0.8968757017876349, 0.25518313845797785, -0.3612416661871531}}}
{{45.093438060028475, -12.830189317296291, -35.40452883653023}, {{0.31736918566584466, 0.9316874692816142, -0.17673499815661772}, {0.20844888498844083, -0.2503512613423146, -0.9454487338250467}, {-0.9251085678648049, 0.2632160814386783, -0.27366299007208317}}}
{{41.91009393876562, -11.924449824034877, -36.18296070636069}, {{0.321304988314534, 0.6769206435853398, -0.6622246950787964}, {-0.05375682461613636, -0.6851391361447817, -0.726425886054434}, {-0.9454487338250461, 0.2690033576199206, -0.18374951781657084}}}
{{38.67124662984814, -11.002918312334454, -36.65269231319709}, {{0.16024968201752343, 0.23892956541997232, -0.9577226645441272}, {-0.2389295654199729, -0.9320186774457778, -0.27249559200186113}, {-0.9577226645441265, 0.2724955920018622, -0.09226835946330271}}}
{{35.40452883653033, -10.073456964129992, -36.80971607259261}, {{-0.07489143213519317, -0.26321608143867764, -0.9618256431728174}, {-0.2632160814386786, -0.9251085678648064, 0.2736629900720827}, {-0.9618256431728167, 0.27366299007208345, 0}}}
{{32.13781104321252, -9.14399561592553, -36.65269231319709}, {{-0.2620272335459034, -0.6937866189623636, -0.6708217767999561}, {-0.11878142404759746, -0.6666380424850697, 0.7358564354633976}, {-0.9577226645441264, 0.2724955920018623, 0.09226835946330099}}}
{{28.898963734295048, -8.222464104225105, -36.182960706360696}, {{-0.3014783283125119, -0.9362088080179949, -0.18062083309357532}, {0.12344030649065303, -0.22616423541031655, 0.9662361147021767}, {-0.9454487338250461, 0.26900335761992084, 0.18374951781656917}}}
{{25.715619613032196, -7.31672461096369, -35.40452883653025}, {{-0.16009852263181695, -0.9239296075152954, 0.34745149792127933}, {0.34430016078159975, 0.2776173172348906, 0.8968757017876354}, {-0.9251085678648048, 0.26321608143867864, 0.27366299007208156}}}
{{22.614937849051056, -6.4345045861430386, -34.324038009951785}, {{0.1123534844729542, -0.6585202124532433, 0.7441289030250868}, {0.4277740876557615, 0.7079778920540319, 0.561940062900847}, {-0.8968757017876348, 0.255183138457978, 0.3612416661871515}}}
{{19.623372365892322, -5.583330819952902, -32.950706593387345}, {{0.40164329064405085, -0.2102078113205557, 0.8913446825669836}, {0.31205312119083667, 0.9464675771022836, 0.0825952483451007}, {-0.8609910084522784, 0.2449730629149939, 0.44573835577653664}}}
{{16.76644614546202, -4.770465226850998, -31.29625136626004}, {{0.5752354500291101, 0.2997608813745328, 0.7610831695861939}, {0.019279707466115584, 0.9252063045716454, -0.37897438813315587}, {-0.8177606434096863, 0.23267296357428827, 0.5264321628773541}}}
{{14.06853347494905, -4.002842889469337, -29.374787557223236}, {{0.5378085468857124, 0.7309420846624556, 0.4201019349705263}, {-0.34874588822333186, 0.646552740445246, -0.678487921241093}, {-0.7675534328918046, 0.21838778054654306, 0.6026346363792545}}}
{{11.552651994001012, -3.2870128909344456, -27.202708418006573}, {{0.2736629900720828, 0.9618256431728187, 0}, {-0.6479777457530747, 0.18436556423885325, -0.7390089172206583}, {-0.7107977271162077, 0.20223938997653737, 0.6736956436465552}}}
{{9.240266316338532, -2.6290824403992756, -24.79854536197232}, {{-0.14151382127980588, 0.9242259628940337, -0.35465505480590914}, {-0.7483974073949925, -0.33438855876881457, -0.5727875804946942}, {-0.647977745753075, 0.18436556423885234, 0.739008917220657}}}
{{7.151104901239201, -2.03466476848805, -22.182809860630538}, {{-0.5651035660466837, 0.6242153051573339, -0.5394564045858159}, {-0.587101068062823, -0.763647198229777, -0.26861737195368174}, {-0.5796294467336952, 0.16491879651254843, 0.7980172272802373}}}
{{5.302991737279077, -1.508831237191746, -19.37781844699632}, {{-0.8395226558118145, 0.1429343475454762, -0.5241864960778971}, {-0.19704215900079475, -0.9791910171845929, 0.048573032037411513}, {-0.5063359536463701, 0.14406499976312995, 0.8502171357296118}}}
{{3.711694274346722, -1.056068072795702, -16.40750231879867}, {{-0.8520044537908538, -0.3841367223079263, -0.3557068867692457}, {0.3004752227579056, -0.9151826855842952, 0.268617371953682}, {-0.428722580731563, 0.12198209123162063, 0.8951632913550599}}}
{{2.3907889013201906, -0.6802380909787492, -13.297203165939408}, {{-0.5791720113345136, -0.8046929196682108, -0.1304955413896699}, {0.7374532106371152, -0.5854026879455884, 0.33684782182327894}, {-0.3474514979212785, 0.0988584745073971, 0.9324722294043534}}}
{{1.3515451171040291, -0.384547740631832, -10.073456964130132}, {{-0.09901510434678329, -0.9938145618709724, 0.05028544246998627}, {0.9596422789681887, -0.08199932930180841, 0.2690033576199205}, {-0.2632160814386775, 0.07489143213519217, 0.9618256431728166}}}
{{0.602829383238132, -0.17151974756662924, -6.763767579303785}, {{0.43470530329254997, -0.8920241172710455, 0.12379124967517946}, {0.8830606093105434, 0.44918186570965823, 0.1357925322014421}, {-0.17673499815661783, 0.050285442469985606, 0.9829730996838992}}}
{{0.15102947837411074, -0.04297159150841848, -3.3963721143280963}, {{0.8462707856711481, -0.5253093294776253, 0.08874607418529201}, {0.5253093294776251, 0.8505366093761157, 0.025250435139773455}, {-0.08874607418529133, 0.025250435139772105, 0.995734176295032}}}
{{0, 0, 0}, {{1, 0, 0}, {0, 1, 0}, {0, 0, 1}}}
