{{0.0000000000, 0.0000000000, 0.0000000000},{{1.0000000000, 0.0000000000, 0.0000000000},{0.0000000000, 1.0000000000, 0.0000000000},{0.0000000000, 0.0000000000, 1.0000000000}}}
{{0.1529632111, -0.0377367461, 3.3963232053},{{0.7959418108, 0.6031220487, -0.0521577245},{-0.5990189711, 0.7971091948, 0.0761130990},{0.0874808900, -0.0293381314, 0.9957340850}}}
{{0.6023901156, -0.1749544943, 6.7636693839},{{0.2750768133, 0.9613853590, 0.0084224838},{-0.9455081198, 0.2689258261, 0.1835573354},{0.1742043114, -0.0584558937, 0.9829729225}}}
{{1.3444438154, -0.4104808848, 10.0733094870},{{-0.3371539541, 0.9250949876, 0.1747182734},{-0.9049988666, -0.3696105734, 0.2106301865},{0.2594306510, -0.0871050392, 0.9618255816}}}
{{2.3727917367, -0.7423053383, 13.2970072919},{{-0.7871720638, 0.5067017324, 0.3515871106},{-0.5129325155, -0.8544114065, 0.0829541018},{0.3424330248, -0.1150413096, 0.9324725844}}}
{{3.6786595167, -1.1675961079, 16.4072600202},{{-0.9049565484, -0.1210699988, 0.4079162915},{0.0504426246, -0.9824309269, -0.1796803150},{0.4225034759, -0.1420265093, 0.8951643891}}}
{{5.2509056781, -1.6827244251, 19.3775327750},{{-0.6712401681, -0.6953878398, 0.2566561689},{0.5481574040, -0.6987622380, -0.4596246242},{0.4989590135, -0.1678305307, 0.8502192751}}}
{{7.0761165023, -2.2832954300, 22.1824847893},{{-0.2124427060, -0.9736844857, -0.0825022359},{0.7928800005, -0.1224127244, -0.5969559697},{0.5711474428, -0.1922333144, 0.7980206460}}}
{{9.1387203136, -2.9641855967, 24.7981855455},{{0.2684823232, -0.8376463637, -0.4756740602},{0.7213148366, 0.5021076342, -0.4770669033},{0.6384529338, -0.2150267264, 0.7390137741}}}
{{11.4211202019, -3.7195863483, 27.2023189108},{{0.5874998239, -0.3455327132, -0.7317452433},{0.4054899160, 0.9082419465, -0.1033174462},{0.7003012816, -0.2360163358, 0.6737020145}}}
{{13.9038440545, -4.5430535077, 29.3743735374},{{0.6543762670, 0.2911057724, -0.6978890531},{0.0025450972, 0.9220741075, 0.3870049906},{0.7561648125, -0.2550230766, 0.6026425198}}}
{{16.5657106105, -5.4275621821, 31.2958178924},{{0.4946990112, 0.7976287009, -0.3450526681},{-0.3260902758, 0.5383930923, 0.7770444068},{0.8055668938, -0.2718847800, 0.5264414935}}}
{{19.3840101227, -6.3655666215, 32.9502584138},{{0.2159514254, 0.9550877923, 0.2029095630},{-0.4838544276, -0.0758246245, 0.8718575109},{0.8480860067, -0.2864575627, 0.4457490213}}}
{{22.3346980790, -7.3490645465, 34.3235794348},{{-0.0574980941, 0.6958971908, 0.7158359232},{-0.4651561328, -0.6531117451, 0.5975573784},{0.8833593501, -0.2986170594, 0.3612535267}}}
{{25.3926003321, -8.3696653956, 35.4040636762},{{-0.2432132178, 0.1340518056, 0.9606651051},{-0.3328208816, -0.9418100665, 0.0471599334},{0.9110859408, -0.3082594881, 0.2736758969}}}
{{28.5316278818, -9.4186619039, 36.1824922715},{{-0.3243462787, -0.4840871072, 0.8126863874},{-0.1672846233, -0.8162376987, -0.5529664313},{0.9310291866, -0.3153025404, 0.1837633307}}}
{{31.7249994767, -10.4871043992, 36.6522234673},{{-0.3321189786, -0.8874113069, 0.3196844638},{-0.0203057331, -0.3321174164, -0.9430194584},{0.9430189082, -0.3196860867, 0.0922829600}}}
{{34.9454701315, -11.5658771774, 36.8092493256},{{-0.3050920300, -0.8989953543, -0.3142072664},{0.1009913913, 0.2975347801, -0.9493544088},{0.9469527930, -0.3213726927, 0.0000153015}}}
{{38.1655636070, -12.6457762985, 36.6522299407},{{-0.2547705563, -0.5139078798, -0.8191401924},{0.2150006350, 0.7957863332, -0.5661261686},{0.9427972691, -0.3203479405, -0.0922524063}}}
{{41.3578068661, -13.7175881396, 36.1825048805},{{-0.1603782398, 0.0985483552, -0.9821237406},{0.3290671393, 0.9434191259, 0.0409288493},{0.9305877917, -0.3166205529, -0.1837329241}}}
{{44.4949645006, -14.7721680310, 35.4040817535},{{0.0047055508, 0.6692368682, -0.7430342334},{0.4136396162, 0.6751919181, 0.6107521114},{0.9104285396, -0.3102223202, -0.2736457314}}}
{{47.5502711272, -15.8005183027, 34.3236020018},{{0.2339221283, 0.9473859473, -0.2184955484},{0.4080308165, 0.1083222555, 0.9065192451},{0.8824915244, -0.3012078282, -0.3612236891}}}
{{50.4976597657, -16.7938650755, 32.9502842135},{{0.4647874613, 0.8104487329, 0.3565746307},{0.2579496088, -0.5091889790, 0.8210898751},{0.8470151210, -0.2896539920, -0.4457195865}}}
{{53.3119842508, -17.7437331402, 31.2958454412},{{0.5930736752, 0.3173790639, 0.7399555024},{-0.0369033769, -0.9073491200, 0.4187549585},{0.8043020307, -0.2756593990, -0.5264125181}}}
{{55.9692337779, -18.6420182844, 29.3744012003},{{0.5225669876, -0.3177042167, 0.7911938916},{-0.3966439860, -0.9120334409, -0.1042523432},{0.7547166964, -0.2593434659, -0.6026140347}}}
{{58.4467377523, -19.4810564513, 27.2023450044},{{0.2257286609, -0.8193237213, 0.5270248679},{-0.6788886270, -0.5202904230, -0.5180811788},{0.6986821908, -0.2408454183, -0.6736740167}}}
{{60.7233591962, -20.2536891373, 24.7982084661},{{-0.2202094279, -0.9703562431, 0.0995819727},{-0.7390201011, 0.0993302205, -0.6663203415},{0.6366766040, -0.2203231007, -0.7389862199}}}
{{62.7796750627, -20.9533244724, 22.1825031625},{{-0.6480508311, -0.7053261641, -0.2873066699},{-0.5059728331, 0.6806835939, -0.5297747985},{0.5692289631, -0.1979516287, -0.7979934463}}}
{{64.5981419223, -21.5739934601, 19.3775456127},{{-0.8671547823, -0.1372705978, -0.4787477066},{-0.0334416975, 0.9751450960, -0.2190289811},{0.4969147175, -0.1739218925, -0.8501922952}}}
{{66.1632456084, -22.1104008975, 16.4072668658},{{-0.7536133291, 0.4923194894, -0.4355323990},{0.5053435776, 0.8576639233, 0.0950813510},{0.4203508282, -0.1484389272, -0.8951374566}}}
{{67.4616335499, -22.5579705428, 13.2970083222},{{-0.3196258983, 0.9175829238, -0.2363913347},{0.8843696657, 0.3784518201, 0.2732480817},{0.3401905046, -0.1217201621, -0.9324455066}}}
{{68.4822286620, -22.9128841436, 10.0733055312},{{0.2762909099, 0.9608650643, -0.0200414899},{0.9260420382, -0.2605830731, 0.2730249173},{0.2571176317, -0.0939935650, -0.9617981770}}}
{{69.2163238269, -23.1721139952, 6.7636618096},{{0.7895547251, 0.6058592379, 0.0976622742},{0.5891298910, -0.7928712995, 0.1558238554},{0.1718409365, -0.0654956963, -0.9829450678}}}
{{69.6576561598, -23.3334487522, 3.3963136113},{{0.9963722293, 0.0015533299, 0.0850880011},{-0.0015564736, -0.9993335523, 0.0364695570},{0.0850879437, -0.0364696911, -0.9957057816}}}
{{69.8024604285, -23.3955122742, -0.0000103525},{{0.7980190621, -0.6026274254, 0.0024005725},{-0.6026274228, -0.7979905231, 0.0071634048},{-0.0024012301, -0.0071631844, -0.9999714610}}}
{{69.6495011715, -23.3577753469, -3.3963341880},{{0.2715928869, -0.9613159130, -0.0459240580},{-0.9582060611, -0.2745542531, 0.0803810084},{-0.0898801879, 0.0221738006, -0.9957057168}}}
{{69.2000832403, -23.2205601787, -6.7636820000},{{-0.3598213627, -0.9328845438, 0.0159691831},{-0.9161550645, 0.3565047864, 0.1832054452},{-0.1766026184, 0.0512909849, -0.9829449374}}}
{{68.4580406779, -22.9850376369, -10.0733250744},{{-0.8261242864, -0.5337865233, 0.1805286984},{-0.4989633413, 0.8418322570, 0.2058009598},{-0.2618286604, 0.0799399685, -0.9617979798}}}
{{67.4297040251, -22.6532172476, -13.2970269534},{{-0.9326875751, 0.0725473778, 0.3533139753},{0.1057606784, 0.9915137778, 0.0755983289},{-0.3448312139, 0.1078763478, -0.9324452410}}}
{{66.1238463346, -22.2279300440, -16.4072843162},{{-0.6482346006, 0.6448866627, 0.4048618219},{0.6318623846, 0.7522855091, -0.1865916387},{-0.4249021410, 0.1348617998, -0.8951371211}}}
{{64.5516083502, -21.7128044123, -19.3775616111},{{-0.1159884064, 0.9612595191, 0.2500536474},{0.8574301941, 0.2239788756, -0.4633000384},{-0.5013583069, 0.1606661143, -0.8501918888}}}
{{62.7264034881, -21.1122351384, -22.1825174393},{{0.4170355799, 0.9044245443, -0.0899864923},{0.7050707031, -0.3844029800, -0.5959107757},{-0.5735474075, 0.1850691565, -0.7979929690}}}
{{60.6638034294, -20.4313459211, -24.7982207588},{{0.7178992155, 0.5032325483, -0.4810173788},{0.2718960514, -0.8387789231, -0.4717228586},{-0.6408535353, 0.2078627442, -0.7389856737}}}
{{58.3814052957, -19.6759456702, -27.2023550656},{{0.6753063519, -0.0835529061, -0.7327893578},{-0.2239879908, -0.9698687955, -0.0958326643},{-0.7027024342, 0.2288524229, -0.6736734056}}}
{{55.8986815402, -18.8524789610, -29.3744088081},{{0.3451018063, -0.6316442463, -0.6942119917},{-0.5527040416, -0.7345688536, 0.3936074716},{-0.7585664016, 0.2478591241, -0.6026133660}}}
{{53.2368138329, -17.9679710683, -31.2958504106},{{-0.0867199571, -0.9370919592, -0.3381394815},{-0.5828087854, -0.2275557394, 0.7800976254},{-0.8079687919, 0.2647206931, -0.5264118026}}}
{{50.4185123539, -17.0299680461, -32.9502864104},{{-0.4027385627, -0.8908365060, 0.2102664256},{-0.3383366149, 0.3583372544, 0.8701280062},{-0.8504880864, 0.2792932719, -0.4457188387}}}
{{47.4678220365, -16.0464723638, -34.3236013561},{{-0.4635293618, -0.5155415876, 0.7206645559},{0.0238140642, 0.8057743456, 0.5917436897},{-0.8857614922, 0.2914525269, -0.3612229277}}}
{{44.4099174129, -15.0258746464, -35.4040782728},{{-0.2725626956, 0.0464774321, 0.9610147893},{0.3020747854, 0.9524609303, 0.0396106074},{-0.9134880410, 0.3010947102, -0.2736449790}}}
{{41.2708878110, -13.9768821011, -36.1824986620},{{0.0348427822, 0.5875796715, 0.8084158027},{0.3570605709, 0.7481987587, -0.5592015434},{-0.9334311594, 0.3081375456, -0.1837322066}}}
{{38.0775147380, -12.9084442383, -36.6522211799},{{0.2705092314, 0.9105804166, 0.3125188963},{0.1816713353, 0.2705068802, -0.9454213630},{-0.9454206903, 0.3125209315, -0.0922517519}}}
{{34.8570433506, -11.8296765221, -36.8092383209},{{0.2975347631, 0.8989952806, -0.3213729144},{-0.1009920266, -0.3050920532, -0.9469527177},{-0.9493543465, 0.3142074545, 0.0000158635}}}
{{31.6369499644, -10.7497825997, -36.6522106189},{{0.1044144880, 0.5577561820, -0.8234109886},{-0.3093497225, -0.7686511767, -0.5598911660},{-0.9451985844, 0.3131827103, 0.0922834011}}}
{{28.4447075896, -9.6779757748, -36.1824780728},{{-0.1897336214, 0.0109710319, -0.9817743067},{-0.3058314643, -0.9508506586, 0.0484782480},{-0.9329888897, 0.3094554274, 0.1837636256}}}
{{25.3075514974, -8.6234003949, -35.4040486977},{{-0.4013323437, -0.5422034937, -0.7382057446},{-0.0753306117, -0.7836910025, 0.6165660642},{-0.9128294741, 0.3030573939, 0.2736760259}}}
{{22.2522468218, -7.5950538239, -34.3235642988},{{-0.3847737694, -0.8985375048, -0.2111385775},{0.2625159386, -0.3258357814, 0.9082490988},{-0.8848923824, 0.2940431875, 0.3612534782}}}
{{19.3048601847, -6.6017096675, -32.9502437609},{{-0.1166353545, -0.9242686316, 0.3634882264},{0.5146733119, 0.2567626542, 0.8180368704},{-0.8494160206, 0.2824897097, 0.4457487945}}}
{{16.4905372978, -5.6518429068, -31.2958043398},{{0.2837982151, -0.6053662814, 0.7436331343},{0.5183518645, 0.7492942114, 0.4121523132},{-0.8067031162, 0.2684955309, 0.5264411004}}}
{{13.8332884437, -4.7535575812, -29.3743616318},{{0.6103752656, -0.0557200923, 0.7901501797},{0.2328393776, 0.9660747873, -0.1117377719},{-0.7571181278, 0.2521800482, 0.6026419865}}}
{{11.3557836707, -3.9145176382, -27.2023090791},{{0.6751491033, 0.5215574758, 0.5216814045},{-0.2294661942, 0.8205914356, -0.5234261759},{-0.7010841277, 0.2336824668, 0.6737013809}}}
{{9.0791594513, -3.1418815411, -24.7981780483},{{0.4092728522, 0.9077521170, 0.0920968324},{-0.6512092828, 0.3613151649, -0.6673663324},{-0.6390791832, 0.2131606101, 0.7390130932}}}
{{7.0228384567, -2.4422411949, -22.1824796820},{{-0.0927957341, 0.9513177703, -0.2939106183},{-0.8152456687, -0.2420616436, -0.5260994776},{-0.5716322693, 0.1907895714, 0.7980199798}}}
{{5.2043639821, -1.8215657127, -19.3775298869},{{-0.6104305076, 0.6286810984, -0.4818035615},{-0.6148620855, -0.7595729765, -0.2121167346},{-0.4993187470, 0.1667602167, 0.8502186889}}}
{{3.6392504333, -1.2851505057, -16.4072589582},{{-0.8991271241, 0.0581603311, -0.4338061672},{-0.1133501050, -0.9882601019, 0.1024388829},{-0.4227554476, 0.1412775528, 0.8951639429}}}
{{2.3408511420, -0.8375721372, -13.2970074793},{{-0.8085945434, -0.5413017282, -0.2305803622},{0.4783338294, -0.8329878035, 0.2780792456},{-0.3425954057, 0.1145589730, 0.9324723211}}}
{{1.3202446260, -0.4826493299, -10.0733102475},{{-0.3586055592, -0.9334055777, -0.0124932130},{0.8966884831, -0.3481582432, 0.2733781299},{-0.2595222863, 0.0868323969, 0.9618255131}}}
{{0.5861402539, -0.2234104672, -6.7636700798},{{0.2652069251, -0.9585773396, 0.1038978872},{0.9483164671, 0.2787948911, 0.1515562173},{-0.1742445557, 0.0583343190, 0.9829730119}}}
{{0.1448041031, -0.0620678659, -3.3963234379},{{0.7943916510, -0.6010718534, 0.0874901816},{0.6010719606, 0.7986574240, 0.0293055852},{-0.0874894455, 0.0293077828, 0.9957342270}}}
{{0.0000000000, 0.0000000000, 0.0000000000},{{1.0000000000, 0.0000000000, 0.0000000000},{-0.0000000000, 1.0000000000, -0.0000000000},{-0.0000000000, 0.0000000000, 1.0000000000}}}
