{{0.0000000000, 0.0000000000, 0.0000000000},{{1.0000000000, 0.0000000000, 0.0000000000},{0.0000000000, 1.0000000000, 0.0000000000},{0.0000000000, 0.0000000000, 1.0000000000}}}
{{-0.0029999752, -0.0030632726, 3.4062186914},{{0.8262378418, 0.5633187767, -0.0017276082},{-0.5633200735, 0.8262386927, -0.0003427189},{0.0012343567, 0.0012563637, 0.9999984490}}}
{{0.0024111327, 0.0024434323, 6.8124056034},{{0.3653253739, 0.9308571951, -0.0065002766},{-0.9308667421, 0.3653484215, 0.0027639233},{0.0049476837, 0.0050411600, 0.9999750533}}}
{{0.0246802470, 0.0251354177, 10.2184010628},{{-0.2225682309, 0.9748791922, -0.0085990237},{-0.9748533451, -0.2224441327, 0.0134001281},{0.0111507037, 0.0113652298, 0.9998732386}}}
{{0.0723017738, 0.0736761172, 13.6237875361},{{-0.7330434768, 0.6801813289, 0.0007880297},{-0.6798917739, -0.7327642632, 0.0283497845},{0.0198604341, 0.0202458497, 0.9995977535}}}
{{0.1538367905, 0.1567967161, 17.0277559603},{{-0.9884257953, 0.1494560006, 0.0260259693},{-0.1484833762, -0.9882599243, 0.0359862325},{0.0310987809, 0.0317052967, 0.9990133332}}}
{{0.2779263860, 0.2833098048, 20.4289667462},{{-0.8996144007, -0.4325013868, 0.0603032372},{0.4343716997, -0.9004708606, 0.0217590365},{0.0448904944, 0.0457687622, 0.9979429162}}}
{{0.4532968581, 0.4621147254, 23.8254040824},{{-0.4974008141, -0.8633738225, 0.0847235081},{0.8653551826, -0.5006837313, -0.0218222153},{0.0612604116, 0.0624615392, 0.9961655074}}}
{{0.6887541950, 0.7021919887, 27.2142225698},{{0.0777710800, -0.9941021829, 0.0755811420},{0.9937378040, 0.0711949995, -0.0861188071},{0.0802298947, 0.0818053907, 0.9934138322}}}
{{0.9931649337, 1.0125838003, 30.5915857824},{{0.6243943102, -0.7809090497, 0.0176861959},{0.7744456004, 0.6159575560, -0.1443270638},{0.1018123642, 0.1038139940, 0.9893719711}}}
{{1.3754201341, 1.4023573663, 33.9524971063},{{0.9503296661, -0.3001018654, -0.0825372403},{0.2845971809, 0.9452141931, -0.1599205236},{0.1260078184, 0.1284873519, 0.9836732334}}}
{{1.8443788495, 1.8805472888, 37.2906242193},{{0.9407307578, 0.2796205471, -0.1919322562},{-0.3027853204, 0.9473843626, -0.1038456513},{0.1527962403, 0.1558050679, 0.9758986063}}}
{{2.4087871661, 2.4560730446, 40.5981198600},{{0.5995133459, 0.7573828510, -0.2587565749},{-0.7793667167, 0.6260031070, 0.0266013333},{0.1821298135, 0.1857184079, 0.9655762031}}}
{{3.0771686888, 3.1376273394, 43.8654431537},{{0.0491401036, 0.9711100855, -0.2335175625},{-0.9756135555, 0.0967453246, 0.1970241927},{0.2139239130, 0.2181411102, 0.9521822386}}}
{{3.8576823432, 3.9335311254, 47.0811877292},{{-0.5121817687, 0.8536038738, -0.0950276934},{-0.8222788867, -0.4553924649, 0.3412845373},{0.2480469076, 0.2529389839, 0.9351441611}}}
{{4.7579436591, 4.8515513673, 50.2319251768},{{-0.8816037697, 0.4536300173, 0.1303633407},{-0.3767535451, -0.8427141306, 0.3845642474},{0.2843089155, 0.2899184394, 0.9138466715}}}
{{5.7848064196, 5.8986783782, 53.3020750191},{{-0.9259926488, -0.0849668987, 0.3678562769},{0.1963765237, -0.9405646276, 0.2770820135},{0.3224498027, 0.3288142445, 0.8876414351}}}
{{6.9441028489, 7.0808608588, 56.2738151818},{{-0.6322414991, -0.5773769105, 0.5166300321},{0.6849341537, -0.7281966800, 0.0243885295},{0.3621269003, 0.3692769943, 0.8558613261}}}
{{8.2403425256, 8.4026988282, 59.1270497606},{{-0.1138666721, -0.8641328863, 0.4902129495},{0.9081318354, -0.2906330625, -0.3013784872},{0.4029031528, 0.4108610202, 0.8178400037}}}
{{9.6763730682, 9.8670975539, 61.8394533834},{{0.4303419435, -0.8645916068, 0.2593976967},{0.7857859678, 0.2173934419, -0.5790341132},{0.4442366762, 0.4530137358, 0.7729374688}}}
{{11.2530094553, 11.4748894753, 64.3866132175},{{0.7917514316, -0.5984874754, -0.1222391602},{0.3707366308, 0.6298576888, -0.6825200674},{0.4854729869, 0.4950677061, 0.7205719571}}}
{{12.9686435818, 13.2244359564, 66.7422901211},{{0.8334529210, -0.1698327918, -0.5258450830},{-0.1698441203, 0.8268051212, -0.5362334066},{0.5258414240, 0.5362369946, 0.6602580423}}}
{{14.8188511983, 15.1112263518, 68.8788189183},{{0.5458460814, 0.2773931672, -0.7906358747},{-0.6192251656, 0.7692302501, -0.1576230206},{0.5644574827, 0.5756195385, 0.5916501475}}}
{{16.7960193529, 17.1274979715, 70.7676635974},{{0.0525165192, 0.6118721989, -0.7892112692},{-0.7980241279, 0.5008138986, 0.3351759690},{0.6003328297, 0.6122073597, 0.5145897806}}}
{{18.8890232945, 19.2619064800, 72.3801357882},{{-0.4384713941, 0.7547114615, -0.4880096786},{-0.6386077710, 0.1204430388, 0.7600484124},{0.6323946168, 0.6449062601, 0.4291537771}}}
{{21.0829866213, 21.4992811921, 73.6882737887},{{-0.7202170727, 0.6932611851, 0.0260057197},{-0.2152370410, -0.2589278629, 0.9416099925},{0.6595152647, 0.6725661983, 0.3356997535}}}
{{23.3591612225, 23.8205025500, 74.6658647844},{{-0.6749709023, 0.4691072336, 0.5695196963},{0.2850644576, -0.5461417671, 0.7876975468},{0.6805531104, 0.6940227472, 0.2349040022}}}
{{25.6949630773, 26.2025385705, 75.2895754649},{{-0.3265628644, 0.1518823301, 0.9328925197},{0.6412183028, -0.6895338347, 0.3367227034},{0.6944031853, 0.7081488888, 0.1277864142}}}
{{28.0641951648, 28.6186721519, 75.5401375272},{{0.1673772619, -0.1854451954, 0.9682948578},{0.6941948279, -0.6752299573, -0.2493151533},{0.7000559928, 0.7139149699, 0.0157169541}}}
{{30.4374789017, 31.0389410940, 75.4035169116},{{0.5826087308, -0.4792748451, 0.6564013175},{0.4186060602, -0.5153174052, -0.7478080892},{0.6966606298, 0.7104530912, -0.0996010648}}}
{{32.7829006282, 33.4307974872, 74.8719820045},{{0.7271156067, -0.6761545682, 0.1188187459},{-0.0633360238, -0.2384064625, -0.9690979861},{0.6835871872, 0.6971207632, -0.2161740015}}}
{{35.0668605934, 35.7599736758, 73.9449796078},{{0.5279729597, -0.7308202581, -0.4326040964},{-0.5338610139, 0.1105524187, -0.8383141300},{0.6604823780, 0.6735576539, -0.3317877562}}}
{{37.2550905854, 37.9915202592, 72.6297309085},{{0.0663385482, -0.6120857468, -0.7880039566},{-0.7759373584, 0.4648633092, -0.4264074574},{0.6273120539, 0.6397289601, -0.4441018404}}}
{{39.3137856107, 40.0909604335, 70.9414744666},{{-0.4565744132, -0.3196196385, -0.8302909682},{-0.6708457921, 0.7366731768, 0.0853144405},{0.5843849146, 0.5959495928, -0.5507616130}}}
{{41.2107781362, 42.0254877398, 68.9033090467},{{-0.8079889825, 0.0970049000, -0.5811573398},{-0.2524950191, 0.8341857788, 0.4902859899},{0.5323533314, 0.5428850117, -0.6495196645}}}
{{42.9166734863, 43.7651241661, 66.5456234834},{{-0.8265128707, 0.5330469077, -0.1809349849},{0.3064529629, 0.6956958460, 0.6496875183},{0.4721896399, 0.4815270336, -0.7383553750}}}
{{44.4058642557, 45.2837548015, 63.9051393202},{{-0.4929082908, 0.8500243297, 0.1857419066},{0.7700023921, 0.3267554303, 0.5480211720},{0.4051391528, 0.4131458915, -0.8155812278}}}
{{45.6573507807, 46.5599646196, 61.0236291401},{{0.0624826153, 0.9230863828, 0.3794831389},{0.9409767502, -0.1812166409, 0.2858728468},{0.3326539918, 0.3392227277, -0.8799257143}}}
{{46.6553127717, 47.5776213978, 57.9464037041},{{0.6171277797, 0.6967362325, 0.3656664134},{0.7439464849, -0.6680156045, 0.0172852438},{0.2563141258, 0.2613690388, -0.9305854579}}}
{{47.3894014751, 48.3261735413, 54.7206797825},{{0.9508404040, 0.2216589630, 0.2162633352},{0.2535938505, -0.9581330960, -0.1329328004},{0.1777433122, 0.1812409296, -0.9672430100}}}
{{47.8547485013, 48.8006588949, 51.3939455494},{{0.9350045543, -0.3499360865, 0.0575431901},{-0.3406739767, -0.9313717259, -0.1284054120},{0.0985277877, 0.1004561776, -0.9900509237}}}
{{48.0517127620, 49.0014464424, 48.0124317718},{{0.5794501663, -0.8149920020, -0.0050538582},{-0.8147586764, -0.5791087293, -0.0283086362},{0.0201445787, 0.0205211188, -0.9995864543}}}
{{47.9854074466, 48.9337536855, 44.6197772234},{{0.0211656022, -0.9981997934, 0.0561176413},{-0.9982010378, -0.0179495860, 0.0572057731},{-0.0560955025, -0.0572274824, -0.9967839835}}}
{{47.6650624287, 48.6069962188, 41.2559497903},{{-0.5352563252, -0.8251065117, 0.1808311665},{-0.8347677043, 0.5494216747, 0.0360375246},{-0.1290873586, -0.1316627047, -0.9828536951}}}
{{47.1032832021, 48.0340318283, 37.9564552045},{{-0.8972459397, -0.3566841698, 0.2602424383},{-0.3946698857, 0.9121497188, -0.1105376489},{-0.1979530374, -0.2018893101, -0.9591951321}}}
{{46.3152659752, 47.2303599324, 34.7518374362},{{-0.9516043663, 0.2314271333, 0.2022142724},{0.1605639825, 0.9354248791, -0.3149595262},{-0.2620464416, -0.2672485314, -0.9273132615}}}
{{45.3180214718, 46.2133299514, 31.6674516333},{{-0.6965477204, 0.7173986444, -0.0126672129},{0.6417290717, 0.6149864063, -0.4582308573},{-0.3209440321, -0.3273085778, -0.8887429455}}}
{{44.1296493249, 45.0014013138, 28.7234738608},{{-0.2319644192, 0.9208714591, -0.3133500664},{0.8977741608, 0.0786805213, -0.4333715862},{-0.3744249783, -0.3818443812, -0.8449856828}}}
{{42.7686927587, 43.6134853726, 25.9351021932},{{0.2827794308, 0.7732639373, -0.5675373791},{0.8611483820, -0.4652584035, -0.2048367207},{-0.4224443841, -0.4308102844, -0.7974604950}}}
{{41.2535912737, 42.0683872854, 23.3129003096},{{0.6848503055, 0.3422437964, -0.6433111556},{0.5609450122, -0.8111103900, 0.1656521309},{-0.4651029482, -0.4743090965, -0.7474691489}}}
{{39.6022385016, 40.3843551570, 20.8632363547},{{0.8581495180, -0.1983011483, -0.4735568175},{0.1046742287, -0.8354391136, 0.5395227458},{-0.5026158679, -0.5125603788, -0.6961746529}}}
{{37.8316439788, 38.5787351642, 18.5887749140},{{0.7636054699, -0.6389468079, -0.0930250671},{-0.3610798656, -0.5420080926, 0.7588468609},{-0.5352831186, -0.5458701350, -0.6445911717}}}
{{35.9576915257, 36.6677251995, 16.4889870190},{{0.4438934744, -0.8165459039, 0.3690682461},{-0.6967557260, -0.0555315407, 0.7151557217},{-0.5634625469, -0.5746033718, -0.5935831226}}}
{{33.9949830984, 34.6662156784, 14.5606508803},{{0.0048764796, -0.6747272590, 0.7380510456},{-0.8091756346, 0.4309872091, 0.3993555032},{-0.5875466043, -0.5991603722, -0.5438711577}}}
{{31.9567550581, 32.5877041979, 12.7983236225},{{-0.4184841711, -0.2807316593, 0.8637480732},{-0.6747416202, 0.7326957355, -0.0887733361},{-0.6079430438, -0.6199570104, -0.4960429022}}}
{{29.8548533793, 30.4442702976, 11.1947710583},{{-0.7015264834, 0.2056088507, 0.6823383278},{-0.3422881472, 0.7425864883, -0.5756771071},{-0.6250595311, -0.6374090585, -0.4505666153}}}
{{27.6997549267, 28.2465972019, 9.7413481882},{{-0.7644138055, 0.5963869795, 0.2449369400},{0.0835310268, 0.4683189543, -0.8796021399},{-0.6392918750, -0.6519201851, -0.4078062908}}}
{{25.5006232196, 26.0040287285, 8.4283275404},{{-0.5934716139, 0.7474569192, -0.2984955569},{0.4732550538, 0.0240943394, -0.8805958874},{-0.6510154358, -0.6638731933, -0.3680370709}}}
{{23.2653887254, 23.7246512096, 7.2451757437},{{-0.2442103373, 0.6102915425, -0.7535950798},{0.7099270568, -0.4168632392, -0.5676518421},{-0.6605792043, -0.6736239848, -0.3314601663}}}
{{21.0008454748, 21.4153920519, 6.1807809832},{{0.1748903223, 0.2457102437, -0.9534358139},{0.7230392496, -0.6893383248, -0.0450213006},{-0.6683020416, -0.6814977257, -0.2982167520}}}
{{18.7127574834, 19.0821282933, 5.2236354151},{{0.5340191319, -0.2034383897, -0.8206317008},{0.5098166183, -0.6968229653, 0.5045044805},{-0.6744705943, -0.6877867232, -0.2684005231}}}
{{16.4059700290, 16.7298001013, 4.3619773898},{{0.7208791362, -0.5683099016, -0.3966826523},{0.1372316652, -0.4439841008, 0.8854634878},{-0.6793384584, -0.6927495752, -0.2420687610}}}
{{14.0845221845, 14.3625255455, 3.5838986354},{{0.6757395486, -0.7167933685, 0.1719980502},{-0.2769740606, -0.0306607853, 0.9603880913},{-0.6831262198, -0.6966112137, -0.2192518751}}}
{{11.7517581637, 11.9837141493, 2.8774215274},{{0.4117536057, -0.5998713841, 0.6860126024},{-0.5998605608, 0.3882849288, 0.6995728137},{-0.6860220666, -0.6995635329, -0.1999614654}}}
{{9.4104359711, 9.5961776812, 2.2305513361},{{0.0131180783, -0.2658701511, 0.9639195914},{-0.7254188119, 0.6609365008, 0.1921730710},{-0.6881827252, -0.7017663462, -0.1841969924}}}
{{7.0628325994, 7.2022374173, 1.6313080002},{{-0.3899122597, 0.1606940885, 0.9067225814},{-0.6101104104, 0.6924437380, -0.3850804549},{-0.6897345264, -0.7033484766, -0.1719511663}}}
{{4.7108456002, 4.8038276937, 1.0677415886},{{-0.6625428024, 0.5262094484, 0.5330484513},{-0.2895991952, 0.4763526245, -0.8301930398},{-0.6907744503, -0.7044088256, -0.1632141700}}}
{{2.3560912946, 2.4025960223, 0.5279352314},{{-0.7106569199, 0.7030103159, -0.0272623918},{0.1302797929, 0.0934188928, -0.9870664041},{-0.6913710421, -0.7050173092, -0.1579768210}}}
{{0.0000000000, 0.0000000000, 0.0000000000},{{-0.5144990271, 0.6327492494, -0.5787219872},{0.5069794392, -0.3198428294, -0.8004201476},{-0.6915653255, -0.7052155357, -0.1562320351}}}
