{{0, 0, 0}, {{1, 0, 0}, {0, 1, 0}, {0, 0, 1}}}
{{0.14888374939561913, -0.049900803406387535, 3.396372114328066}, {{0.7957314278425776, 0.6034007591349515, -0.052144209831745315}, {-0.5992977805062613, 0.7968988259127987, 0.0761211635425525}, {0.08748522746088042, -0.02932209293633592, 0.9957341762950346}}}
{{0.5942647739275645, -0.19917747756541457, 6.763767579303764}, {{0.2744085867660966, 0.9615757443477326, 0.008486188257256133}, {-0.9456986326501348, 0.2682577609259067, 0.1835534524510081}, {0.174224061807487, -0.05839402011441779, 0.9829730996839019}}}
{{1.3323432397314559, -0.44655644652662907, 10.07345696413012}, {{-0.33811833589425255, 0.9247220702114889, 0.1748287270327144}, {-0.904625860980504, -0.37057482821417864, 0.21053823486320372}, {0.2594764778884261, -0.08696775010203502, 0.961825643172819}}}
{{2.356822121576191, -0.7899271601502218, 13.297203165939404}, {{-0.7878906473650491, 0.5055424294073435, 0.3516463846872369}, {-0.5117731060184177, -0.8551303563961432, 0.08270647813845158}, {0.3425151321488504, -0.11479950190974672, 0.9324722294043557}}}
{{3.6589609268629513, -1.2263601005766598, 16.407502318798674}, {{-0.904801798160673, -0.1227458208583702, 0.4077587148143093}, {0.05211778695003215, -0.9822770607013463, -0.1800430845752053}, {0.42263156806921476, -0.14165182484432876, 0.8951632913550622}}}
{{5.227650266426241, -1.7521317758401453, 19.37781844699633}, {{-0.6699022165058918, -0.6968578752563227, 0.2561642481177584}, {0.549625348884928, -0.6974247455927601, -0.45990292464605426}, {0.49914226046650634, -0.16729562435436562, 0.850217135729614}}}
{{7.049506635925188, -2.362756487389201, 22.182809860630556}, {{-0.21020813377296202, -0.9741050654047766, -0.08325780472991058}, {0.793297501779934, -0.12017666476566957, -0.5968556298767017}, {0.5713944470901018, -0.19151211658418682, 0.7980172272802394}}}
{{9.108986599183691, -3.0530246004851005, 24.798545361972344}, {{0.2707566693837983, -0.8365153410727251, -0.4763747580783158}, {0.7201816049623231, 0.504386306058875, -0.4763747580783166}, {0.638771697759132, -0.21409469496058214, 0.739008917220659}}}
{{11.38851939930741, -3.8170469909685907, 27.202708418006605}, {{0.5887412482440879, -0.3430360380639903, -0.7319221401251313}, {0.4029943062053818, 0.9094896528491925, -0.10209877828014413}, {0.7006991735274384, -0.2348506928872371, 0.6736956436465572}}}
{{13.86865686618632, -4.648305289190774, 29.37478755722327}, {{0.6538217108875872, 0.2940699443905904, -0.6971657178735502}, {-0.00041339728023101485, 0.9215250252949128, 0.3883187567680685}, {0.7566485310067786, -0.25360302750820013, 0.6026346363792565}}}
{{16.528239341424847, -5.53970749244464, 31.296251366260083}, {{0.49232768551328815, 0.7997973300579598, -0.3434205598232108}, {-0.32824964984082217, 0.5360230129391791, 0.7777734226488977}, {0.8061424300063267, -0.2701917105163722, 0.526432162877356}}}
{{19.344576205086625, -6.483648471431589, 32.950706593387395}, {{0.21258853123459515, 0.9554069192118733, 0.20494812785091238}, {-0.48416417161541464, -0.07919262493392107, 0.8713860126717856}, {0.8487586060308759, -0.28447521311733237, 0.4457383557765384}}}
{{22.293639464063304, -7.472074854543122, 34.324038009951835}, {{-0.06048849347429982, 0.694048557629466, 0.7173825630789098}, {-0.46330243283198275, -0.656112901055377, 0.5957069051141364}, {0.8841334728926252, -0.2963316735031105, 0.3612416661871532}}}
{{25.35026875043971, -8.496553736387856, 35.404528836530304}, {{-0.24452290306409508, 0.1306642913788313, 0.9607993509758289}, {-0.32943584931572034, -0.9431324647982366, 0.044420434815885305}, {0.9119652247003369, -0.30565993653416534, 0.27366299007208317}}}
{{28.48838598088161, -9.548344624366973, 36.18296070636076}, {{-0.3233299144022161, -0.48766518955012284, 0.8109503248372847}, {-0.1637167570080556, -0.8152307269272208, -0.5555138930292197}, {0.9320164107607868, -0.3123804167593689, 0.18374951781657065}}}
{{31.681217845647847, -10.618474009475255, 36.65269231319716}, {{-0.3291193728168667, -0.8896903041007683, 0.3164357774110158}, {-0.01804133643592963, -0.32911937281686804, -0.9441159614243559}, {0.9441159614243563, -0.31643577741101414, 0.09226835946330236}}}
{{34.90152422902904, -11.697811925115955, 36.80971607259267}, {{-0.30131731818962826, -0.8990086136401199, -0.31779141958190005}, {0.10099138635987952, 0.3013173181896269, -0.9481606475909659}, {0.9481606475909652, -0.31779141958190116, 0}}}
{{38.121830612410236, -12.777149840756655, 36.65269231319716}, {{-0.2517705951166661, -0.5116494560537482, -0.821478180814623}, {0.21273603084189086, 0.7988011222414437, -0.5627256421094099}, {0.9441159614243562, -0.31643577741101403, -0.09226835946330152}}}
{{41.31466247717647, -13.847279225864938, 36.18296070636076}, {{-0.15936145345927444, 0.1021210502810985, -0.9819242426179486}, {0.3254985978831963, 0.9444520984754747, 0.04539709749912422}, {0.9320164107607867, -0.3123804167593687, -0.1837495178165698}}}
{{44.45277970761837, -14.899070113844054, 35.404528836530304}, {{0.00339596415294513, 0.6726366454918277, -0.7399651414553072}, {0.4102534538120733, 0.6738931267934337, 0.6144592397350972}, {0.9119652247003367, -0.3056599365341651, -0.2736629900720823}}}
{{47.509408993994775, -15.923548995688789, 34.32403800995184}, {{0.23093123329860582, 0.9492590651085621, -0.21349002973535633}, {0.40617578411078303, 0.10533169792642794, 0.9077039527367531}, {0.884133472892625, -0.2963316735031102, -0.36124166618715225}}}
{{50.458472252971454, -16.91197537880032, 32.9507065933874}, {{0.4614234097567288, 0.8101553993247886, 0.3615752561685681}, {0.2582581375620085, -0.5125642223826592, 0.8188898902271673}, {0.8487586060308756, -0.284475213117332, -0.44573835577653753}}}
{{53.27480911663323, -17.85591635778727, 31.296251366260094}, {{0.5907005828800542, 0.3152260142254784, 0.7427687266846136}, {-0.03474484031705681, -0.9097411717207016, 0.41371946600031617}, {0.8061424300063265, -0.2701917105163717, -0.5264321628773551}}}
{{55.93439159187175, -18.747318561041133, 29.374787557223286}, {{0.5220101163777883, -0.3206700168839491, 0.7903645859164586}, {-0.3936857108462674, -0.9126095795630914, -0.11025115130984432}, {0.7566485310067784, -0.25360302750819946, -0.6026346363792556}}}
{{58.41452905875066, -19.578576859263315, 27.20270841800662}, {{0.2269673313262656, -0.821838634188492, 0.5225582167240568}, {-0.6763922669047872, -0.519063012943109, -0.5225582167240551}, {0.7006991735274382, -0.23485069288723637, -0.6736956436465564}}}
{{60.69406185887438, -20.3425992497468, 24.79854536197236}, {{-0.21793789306420486, -0.9715143112067067, 0.09307533447317151}, {-0.7378846745316303, 0.10160415695380265, -0.6672351927027353}, {0.638771697759132, -0.2140946949605813, -0.7390089172206584}}}
{{62.75354182213288, -21.032867362842698, 22.182809860630574}, {{-0.6458182635909739, -0.7049300027016274, -0.29324471300165433}, {-0.5063863705185347, 0.6829325006854835, -0.5264751117199521}, {0.5713944470901017, -0.19151211658418607, -0.7980172272802388}}}
{{64.57539819163183, -21.64349207439175, 19.377818446996347}, {{-0.8658167816350085, -0.13581228145826468, -0.48157691477509207}, {-0.03490421830640149, 0.9765076539776755, -0.21263700822630738}, {0.4991422604665062, -0.1672956243543649, -0.8502171357296135}}}
{{66.14408753119513, -22.169263749655233, 16.40750231879869}, {{-0.7534554057938807, 0.4940008996778038, -0.433898677801048}, {0.5036740107960049, 0.8578448995219307, 0.10205204168890658}, {0.4226315680692147, -0.14165182484432798, -0.8951632913550617}}}
{{67.44622633648189, -22.60569669008167, 13.297203165939422}, {{-0.32033811015620045, 0.9187627391718166, -0.2307780845120553}, {0.8832139488428659, 0.3777513778542361, 0.27791548553223394}, {0.3425151321488503, -0.11479950190974618, -0.9324722294043553}}}
{{68.47070521832661, -22.94906740370526, 10.07345696413014}, {{0.27533461988831454, 0.9612653693271731, -0.01263870338486381}, {0.9256688417104539, -0.26154445162244017, 0.2733709847660182}, {0.259476477888426, -0.08696775010203464, -0.9618256431728185}}}
{{69.20878368413051, -23.196446372666475, 6.763767579303786}, {{0.7888935311644414, 0.6056925911128153, 0.10384354365073689}, {0.589315681765044, -0.7935531636166039, 0.15159288815732666}, {0.17422406180748692, -0.058394020114417494, -0.9829730996839012}}}
{{69.65416470866245, -23.3457230468255, 3.39637211432809}, {{0.9961649877449653, 0.0012853665586533012, 0.08748522746088093}, {-0.0012853665586471646, -0.9995691885500685, 0.029322092936335874}, {0.08748522746088037, -0.029322092936335593, -0.9957341762950339}}}
{{69.80304845805807, -23.39562385023189, 0}, {{0.7980172272802407, -0.6026346363792535, 0}, {-0.6026346363792539, -0.7980172272802414, 0}, {0, 0, -0.9999999999999994}}}
{{69.65416470866245, -23.3457230468255, -3.396372114328038}, {{0.27137719063442334, -0.9610595204171228, -0.052144209831745655}, {-0.9584887872998227, -0.274781391439527, 0.0761211635425516}, {-0.08748522746088039, 0.029322092936336194, -0.9957341762950339}}}
{{69.20878368413051, -23.196446372666472, -6.7637675793037335}, {{-0.3604960694931368, -0.9327221282294431, 0.008486188257255094}, {-0.9163452188816718, 0.35583643704097345, 0.18355345245100757}, {-0.1742240618074869, 0.058394020114418035, -0.9829730996839012}}}
{{68.47070521832661, -22.949067403705257, -10.073456964130088}, {{-0.8270938054367124, -0.5341823220702255, 0.17482872703271304}, {-0.4985857944535057, 0.8408839737025859, 0.21053823486320405}, {-0.25947647788842587, 0.08696775010203532, -0.9618256431728185}}}
{{67.44622633648189, -22.605696690081665, -13.297203165939369}, {{-0.9334076879304697, 0.0713786259932859, 0.35164638468723597}, {0.1069274163222379, 0.9908209556285053, 0.08270647813845303}, {-0.34251513214885004, 0.11479950190974712, -0.9324722294043553}}}
{{66.14408753119513, -22.169263749655226, -16.407502318798638}, {{-0.6480765390862988, 0.6432181822514857, 0.40775871481430936}, {0.633545071133286, 0.7524660328143495, -0.1800430845752034}, {-0.4226315680692144, 0.14165182484432903, -0.8951632913550618}}}
{{64.57539819163183, -21.64349207439174, -19.377818446996294}, {{-0.1146428171018048, 0.9598108680741348, 0.2561642481177597}, {0.8589028049222723, 0.2253336894444731, -0.4599029246460527}, {-0.49914226046650595, 0.1672956243543659, -0.8502171357296137}}}
{{62.75354182213289, -21.032867362842683, -22.18280986063052}, {{0.41927973982014505, 0.9040313256341884, -0.08325780472990821}, {0.7054876934510954, -0.38216550272563354, -0.5968556298767013}, {-0.5713944470901012, 0.19151211658418715, -0.798017227280239}}}
{{60.694061858874385, -20.342599249746783, -24.79854536197231}, {{0.720181604962322, 0.5043863060588787, -0.4763747580783135}, {0.2707566693838004, -0.8365153410727229, -0.47637475807831775}, {-0.6387716977591313, 0.2140946949605826, -0.7390089172206586}}}
{{58.41452905875067, -19.57857685926329, -27.20270841800657}, {{0.6765510565729279, -0.08104720010401811, -0.73192214012513}, {-0.22649356738772577, -0.9686467381897711, -0.10209877828014674}, {-0.7006991735274375, 0.2348506928872377, -0.6736956436465568}}}
{{55.93439159187176, -18.747318561041105, -29.374787557223236}, {{0.3445442548502437, -0.628688490646635, -0.6971657178735505}, {-0.5556727966843196, -0.7351437180355485, 0.3883187567680655}, {-0.7566485310067775, 0.2536030275082007, -0.6026346363792561}}}
{{53.274809116633236, -17.855916357787237, -31.296251366260048}, {{-0.08909959866996627, -0.9349457634577317, -0.343420559823213}, {-0.5849749089151983, -0.2299409901706844, 0.7777734226488955}, {-0.8061424300063256, 0.2701917105163728, -0.5264321628773556}}}
{{50.45847225297146, -16.911975378800285, -32.95070659338736}, {{-0.4061119911060627, -0.8905443928127761, 0.2049481278509091}, {-0.3386471310499955, 0.3549711784801279, 0.8713860126717853}, {-0.8487586060308747, 0.28447521311733315, -0.4457383557765382}}}
{{47.50940899399479, -15.92354899568875, -34.3240380099518}, {{-0.46652856000130105, -0.5174102442873046, 0.717382563078907}, {0.025673036710477687, 0.8027914912263308, 0.5957069051141382}, {-0.8841334728926239, 0.29633167350311157, -0.36124166618715303}}}
{{44.45277970761839, -14.899070113844012, -35.40452883653027}, {{-0.2738763168325599, 0.043085615263755664, 0.9607993509758277}, {0.30546880694351614, 0.9511654077789371, 0.04442043481588856}, {-0.9119652247003354, 0.3056599365341667, -0.27366299007208306}}}
{{41.3146624771765, -13.847279225864892, -36.182960706360724}, {{0.035861092391345606, 0.5840150278021942, 0.8109503248372858}, {0.36063748020010267, 0.7492295526248571, -0.5555138930292164}, {-0.9320164107607855, 0.31238041675936984, -0.18374951781657067}}}
{{38.121830612410264, -12.777149840756605, -36.65269231319712}, {{0.27351526356239014, 0.9083269231794682, 0.3164357774110189}, {0.18394143628383314, 0.2735152635623939, -0.9441159614243539}, {-0.9441159614243549, 0.3164357774110152, -0.0922683594633025}}}
{{34.90152422902907, -11.697811925115902, -36.809716072592636}, {{0.3013173181896303, 0.8990086136401205, -0.3177914195818963}, {-0.10099138635987943, -0.30131731818962304, -0.9481606475909661}, {-0.9481606475909637, 0.3177914195819024, 0}}}
{{31.681217845647883, -10.618474009475198, -36.65269231319712}, {{0.10742041167689964, 0.5600307612985786, -0.8214781808146201}, {-0.31161820636626614, -0.765659157310627, -0.5627256421094121}, {-0.9441159614243546, 0.3164357774110155, 0.09226835946330121}}}
{{28.488385980881652, -9.548344624366912, -36.182960706360724}, {{-0.18871486722773523, 0.014542374166035255, -0.9819242426179479}, {-0.30940605837604157, -0.9498457741016991, 0.04539709749912077}, {-0.9320164107607852, 0.3123804167593699, 0.1837495178165694}}}
{{25.350268750439756, -8.496553736387792, -35.404528836530275}, {{-0.402644102374054, -0.5388221564249333, -0.7399651414553087}, {-0.07872201573039121, -0.7850112654882814, 0.614459239735094}, {-0.9119652247003354, 0.30565993653416607, 0.2736629900720818}}}
{{22.293639464063357, -7.472074854543056, -34.32403800995181}, {{-0.3877692890420533, -0.8966922469160836, -0.21349002973535944}, {0.26065874354535934, -0.3288321054876323, 0.9077039527367514}, {-0.8841334728926238, 0.29633167350311096, 0.3612416661871517}}}
{{19.344576205086685, -6.483648471431522, -32.95070659338737}, {{-0.1200038744265298, -0.9245876941909066, 0.3615752561685648}, {0.514983396636382, 0.2533997807271928, 0.818889890227168}, {-0.8487586060308745, 0.28447521311733265, 0.44573835577653687}}}
{{16.52823934142491, -5.539707492444571, -31.296251366260066}, {{0.2814231268427056, -0.607532420811757, 0.7427687266846112}, {0.5205145590870327, 0.7469275716097523, 0.4137194660003187}, {-0.8061424300063252, 0.2701917105163723, 0.5264321628773543}}}
{{13.868656866186388, -4.648305289190706, -29.374787557223257}, {{0.6098199247066248, -0.05868117892398926, 0.7903645859164584}, {0.23580216274684448, 0.9655268114758722, -0.11025115130984096}, {-0.7566485310067771, 0.25360302750820024, 0.6026346363792547}}}
{{11.388519399307484, -3.817046990968522, -27.202708418006594}, {{0.6763922669047895, 0.5190630129431015, 0.5225582167240586}, {-0.2269673313262583, 0.8218386341884962, -0.5225582167240526}, {-0.7006991735274369, 0.23485069288723728, 0.6736956436465554}}}
{{9.108986599183769, -3.0530246004850317, -24.798545361972337}, {{0.41154998052890623, 0.9066220798322546, 0.09307533447317458}, {-0.6500748662027868, 0.3635929949137787, -0.6672351927027343}, {-0.6387716977591309, 0.21409469496058192, 0.7390089172206573}}}
{{7.049506635925269, -2.3627564873891336, -22.182809860630556}, {{-0.0905588641868808, 0.9517387406288346, -0.29324471300165156}, {-0.8156638265558775, -0.2398259343517377, -0.5264751117199533}, {-0.5713944470901009, 0.1915121165841862, 0.7980172272802377}}}
{{5.227650266426324, -1.75213177584008, -19.377818446996333}, {{-0.6090915225606284, 0.6301517216516018, -0.4815769147750906}, {-0.6163315024896577, -0.7582354395380133, -0.21263700822631004}, {-0.49914226046650567, 0.16729562435436468, 0.8502171357296122}}}
{{3.6589609268630365, -1.2263601005765983, -16.407502318798684}, {{-0.8989724463592978, 0.05983709626375894, -0.4338986778010485}, {-0.11502651154465676, -0.9881064125027185, 0.10205204168890356}, {-0.4226315680692142, 0.14165182484432753, 0.8951632913550603}}}
{{2.3568221215762777, -0.7899271601501645, -13.29720316593942}, {{-0.8093135796986614, -0.5401416531098882, -0.23077808451205728}, {0.47717388231586066, -0.8337074240625367, 0.27791548553223216}, {-0.34251513214885, 0.11479950190974539, 0.9324722294043538}}}
{{1.3323432397315431, -0.4465564465265764, -10.073456964130143}, {{-0.3595700363709244, -0.93303250325, -0.012638703384866092}, {0.8963154279419864, -0.3491231277375191, 0.2733709847660182}, {-0.25947647788842587, 0.0869677501020337, 0.9618256431728172}}}
{{0.5942647739276524, -0.1991774775653663, -6.763767579303794}, {{0.2645392939562793, -0.9587676884392639, 0.10384354365073545}, {0.9485066885586052, 0.2781270537357104, 0.15159288815732788}, {-0.1742240618074869, 0.05839402011441654, 0.9829730996838998}}}
{{0.14888374939570725, -0.04990080340634326, -3.396372114328103}, {{0.7941822150251997, -0.601349269820611, 0.08748522746088083}, {0.6013492698206113, 0.7984480387301668, 0.02932209293633733}, {-0.08748522746088044, 0.029322092936334844, 0.9957341762950327}}}
{{0, 0, 0}, {{1, 0, 0}, {0, 1, 0}, {0, 0, 1}}}
