{{0.0000000000, 0.0000000000, 0.0000000000},{{1.0000000000, 0.0000000000, 0.0000000000},{0.0000000000, 1.0000000000, 0.0000000000},{0.0000000000, 0.0000000000, 1.0000000000}}}
{{0.1478319203, -0.0541973614, 3.3963324314},{{0.8472845910, 0.5274910831, -0.0621448230},{-0.5236724157, 0.8491855326, 0.0681992096},{0.0887469595, -0.0252406098, 0.9957343465}}}
{{0.5964516292, -0.1938858285, 6.7636894371},{{0.4421601096, 0.8963029129, -0.0336975621},{-0.8793495077, 0.4405877008, 0.1806292366},{0.1767452423, -0.0502351084, 0.9829738314}}}
{{1.3420333472, -0.4178656843, 10.0733429729},{{-0.0799462051, 0.9918720348, 0.0989872255},{-0.9614110263, -0.1029522474, 0.2551267788},{0.2632440746, -0.0747709923, 0.9618273525}}}
{{2.3782175823, -0.7242208657, 13.2970573020},{{-0.5517997162, 0.7825173579, 0.2884157723},{-0.7581273048, -0.6147656669, 0.2174998034},{0.3475054862, -0.0986395424, 0.9324752961}}}
{{3.6961655317, -1.1103344352, 16.4073297170},{{-0.8326263445, 0.3312409905, 0.4438612132},{-0.3505065577, -0.9356728579, 0.0407609628},{0.4288105915, -0.1216376145, 0.8951680107}}}
{{5.2846344943, -1.5729103988, 19.3776250538},{{-0.8536828943, -0.2222228930, 0.4710015942},{0.1213177587, -0.9643675741, -0.2351110023},{0.5064657119, -0.1435693832, 0.8502236852}}}
{{7.1300737221, -2.1080014902, 22.1826020007},{{-0.6353436513, -0.7043238628, 0.3166486082},{0.5100595997, -0.6906160169, -0.5127267518},{0.5798082869, -0.1642480242, 0.7980256493}}}
{{9.2167399382, -2.7110425862, 24.7983292717},{{-0.2714331934, -0.9624568663, -0.0008955931},{0.7114383627, -0.2000137843, -0.6736838593},{0.6482125250, -0.1834973206, 0.7390191173}}}
{{11.5268315599, -3.3768894279, 27.2024897967},{{0.1108928909, -0.9141208436, -0.3899818587},{0.6942960694, 0.3520234114, -0.6277200697},{0.7110947439, -0.2011531784, 0.6737074024}}}
{{14.0406404995, -4.0998623040, 29.3745711795},{{0.3987367874, -0.5743284087, -0.7149516441},{0.5013086629, 0.7893222711, -0.3544855100},{0.7679183543, -0.2170650393, 0.6026476332}}}
{{16.7367202536, -4.8737943269, 31.2960407898},{{0.5299693326, -0.0518398504, -0.8464308220},{0.2228986558, 0.9715486219, 0.0800591316},{0.8181984452, -0.2310971770, 0.5264460078}}}
{{19.5920688527, -5.6920838952, 32.9505039839},{{0.5059359594, 0.4851443886, -0.7132066511},{-0.0428525471, 0.8399540404, 0.5409629093},{0.8615059281, -0.2431298669, 0.4457526260}}}
{{22.5823251095, -6.5477508985, 34.3238440951},{{0.3781340834, 0.8630863682, -0.3348082078},{-0.2270683763, 0.4370839119, 0.8702859337},{0.8974712070, -0.2530604177, 0.3612559447}}}
{{25.6819764923, -7.4334961886, 35.4043429875},{{0.2173370246, 0.9595105602, 0.1791761778},{-0.3093257512, -0.1063989134, 0.9449851062},{0.9257873392, -0.2608040570, 0.2736769015}}}
{{28.8645768452, -8.3417638066, 36.1827811351},{{0.0801421423, 0.7431706204, 0.6642850789},{-0.3134626554, -0.6138278112, 0.7245388753},{0.9462126615, -0.2662946624, 0.1837627603}}}
{{32.1029720944, -9.2648054306, 36.6525163650},{{-0.0122699389, 0.2846006124, 0.9585676502},{-0.2845830733, -0.9199892104, 0.2695038537},{0.9585728574, -0.2694853321, 0.0922807284}}}
{{35.3695320087, -10.1947464889, 36.8095405871},{{-0.0748855824, -0.2666409894, 0.9608822677},{-0.2597703178, -0.9251022184, -0.2769571583},{0.9627624481, -0.2703487902, 0.0000114039}}}
{{38.6363860299, -11.1236533674, 36.6525140215},{{-0.1406391592, -0.7307046008, 0.6680504572},{-0.2470370861, -0.6275154263, -0.7383746121},{0.9587456936, -0.2688776230, -0.0922578934}}}
{{41.8756611549, -12.0436011304, 36.1827766307},{{-0.2334935641, -0.9561814415, 0.1766290081},{-0.2225102173, -0.1242873338, -0.9669756263},{0.9465568967, -0.2650843444, -0.1837398478}}}
{{45.0597198322, -12.9467411728, 35.4043366610},{{-0.3469708801, -0.8695071050, -0.3515232606},{-0.1468990087, 0.4205659593, -0.8952904306},{0.9263001078, -0.2590012901, -0.2736538728}}}
{{48.1613958376, -13.8253682195, 34.3238363919},{{-0.4396361377, -0.4988034413, -0.7469372085},{0.0070583217, 0.8296713164, -0.5582075660},{0.8981482319, -0.2506803415, -0.3612327780}}}
{{51.1542261093, -14.6719860983, 32.9504953929},{{-0.4510418551, 0.0355809515, -0.8917932725},{0.2300615128, 0.9700729702, -0.0776539298},{0.8623415479, -0.2401924819, -0.4457293196}}}
{{54.0126765629, -15.4793717218, 31.2960317753},{{-0.3318196581, 0.5605453362, -0.7587388487},{0.4677933135, 0.7962253379, 0.3836595198},{0.8191856507, -0.2276271895, -0.5264225796}}}
{{56.7123599546, -16.2406367314, 29.3745621213},{{-0.0743195069, 0.9065887703, -0.4154195620},{0.6348547056, 0.3642646582, 0.6813741714},{0.7690488370, -0.2130916713, -0.6026241167}}}
{{59.2302439354, -16.9492862764, 27.2024809472},{{0.2712161369, 0.9625013315, 0.0057440274},{0.6472916855, -0.1868057379, 0.7389973546},{0.7123589551, -0.1967099465, -0.6736838398}}}
{{61.5448475205, -17.5992744284, 24.7983207411},{{0.6046341671, 0.7106455927, 0.3597226231},{0.4609096340, -0.6804976850, 0.5696360329},{0.6495997485, -0.1786217858, -0.7389955510}}}
{{63.6364243014, -18.1850557575, 22.1825937716},{{0.8076772434, 0.2316916148, 0.5421959665},{0.0986912613, -0.9597103069, 0.2630896461},{0.5813067223, -0.1589815163, -0.7980021128}}}
{{65.4871308423, -18.7016326322, 19.3776170246},{{0.7886951377, -0.3222010892, 0.5235899520},{-0.3461681730, -0.9365652171, -0.0548925321},{0.5080625707, -0.1379567039, -0.8502001953}}}
{{67.0811788283, -19.1445978416, 16.4073217666},{{0.5227255590, -0.7765357869, 0.3517814116},{-0.7358222972, -0.6193540971, -0.2737992866},{0.4304922031, -0.1157267213, -0.8951445632}}}
{{68.4049696752, -19.5101721774, 13.2970493588},{{0.0698010966, -0.9897849783, 0.1243121219},{-0.9344233877, -0.1085030927, -0.3392344490},{0.3492574115, -0.0924812176, -0.9324518674}}}
{{69.4472104572, -19.7952366570, 10.0733350673},{{-0.4380508962, -0.8971477385, -0.0568976946},{-0.8589873456, 0.4363998674, -0.2677608932},{0.2650512262, -0.0684184996, -0.9618039075}}}
{{70.1990101719, -19.9973591149, 6.7636817114},{{-0.8386153286, -0.5292743651, -0.1288137304},{-0.5146156101, 0.8473223252, -0.1312084259},{0.1785920058, -0.0437438408, -0.9829503405}}}
{{70.6539555251, -20.1148149366, 3.3963250782},{{-0.9958854282, -0.0008487875, -0.0906172917},{0.0008464723, 0.9998253824, -0.0186678358},{0.0906173133, -0.0186677307, -0.9957108106}}}
{{70.8081655951, -20.1466017604, -0.0000068995},{{-0.8502197791, 0.5264245514, 0.0018759007},{0.5264245452, 0.8501962630, 0.0065964110},{0.0018776290, 0.0065959192, -0.9999764839}}}
{{70.6603249135, -20.0924480227, -3.3963391518},{{-0.4428144959, 0.8940902310, 0.0672159279},{0.8923950456, 0.4467543039, -0.0635741658},{-0.0868700457, 0.0318315989, -0.9957109744}}}
{{70.2116946808, -19.9528152743, -6.7636965855},{{0.0958326755, 0.9945753455, 0.0404472549},{0.9799168625, -0.0871258346, -0.1793656367},{-0.1748686392, 0.0568240360, -0.9829506539}}}
{{69.4661020243, -19.7288942493, -10.0733511976},{{0.5902978762, 0.8018585017, -0.0925816429},{0.7636985444, -0.5919488903, -0.2576063754},{-0.2613674630, 0.0813600303, -0.9618043433}}}
{{68.4299073848, -19.4225947200, -13.2970670904},{{0.8816272016, 0.3767244106, -0.2842748597},{0.3213632556, -0.9203289132, -0.2229806033},{-0.3456286091, 0.1052302709, -0.9324523873}}}
{{67.1119503110, -19.0365292238, -16.4073413018},{{0.8831248157, -0.1537567211, -0.4432261619},{-0.1944699655, -0.9797528519, -0.0476002283},{-0.4269332412, 0.1282311193, -0.8951451210}}}
{{65.5234741171, -18.5739908007, -19.3776384013},{{0.6097242068, -0.6352179091, -0.4740618099},{-0.6112508657, -0.7575937412, 0.2289631028},{-0.5045877235, 0.1501663455, -0.8502007398}}}
{{63.6780300420, -18.0389249299, -22.1826168542},{{0.1700086527, -0.9311820872, -0.3224856253},{-0.7981820018, -0.3220413138, 0.5091118583},{-0.5779295372, 0.1708488009, -0.7980025922}}}
{{61.5913617215, -17.4358959039, -24.7983452253},{{-0.2758803060, -0.9611734688, -0.0059682135},{-0.7114378381, 0.2000169667, 0.6736834683},{-0.6463329322, 0.1901020143, -0.7389959167}}}
{{59.2812709523, -16.7700479244, -27.2025063772},{{-0.5762286673, -0.7213813621, 0.3841476974},{-0.4061719402, 0.6606390904, 0.6313322004},{-0.7092142680, 0.2077616969, -0.6736840501}}}
{{56.7674658868, -16.0470612512, -29.3745879193},{{-0.6426958766, -0.2831063117, 0.7118938309},{-0.0113723180, 0.9326410623, 0.3606262876},{-0.7660369969, 0.2236771450, -0.6026241400}}}
{{54.0713929485, -15.2731037751, -31.2960572808},{{-0.4794693501, 0.2293301683, 0.8470636436},{0.3220821753, 0.9438752189, -0.0732300719},{-0.8163162467, 0.2377125260, -0.5264223972}}}
{{51.2160538961, -14.4547784265, -32.9505199083},{{-0.1761042945, 0.6741010098, 0.7173389060},{0.4796203050, 0.6951357749, -0.5354910059},{-0.8596229641, 0.2497480391, -0.4457289271}}}
{{48.2258095954, -13.5990668675, -34.3238592322},{{0.1322235473, 0.9306442700, 0.3412010790},{0.4247820804, 0.2578120484, -0.8678093868},{-0.8955875824, 0.2596809397, -0.3612321855}}}
{{45.1261721697, -12.7132699441, -35.4043572025},{{0.3206611824, 0.9313654383, -0.1724378915},{0.2087565963, -0.2470658447, -0.9462447632},{-0.9239031819, 0.2674264174, -0.2736531047}}}
{{41.9435873033, -11.8049454080, -36.1827943557},{{0.3243307310, 0.6784093030, -0.6592195344},{-0.0552628831, -0.6821117259, -0.7291567782},{-0.9443281160, 0.2729183229, -0.1837389407}}}
{{38.7052085574, -10.8818434369, -36.6525285546},{{0.1620508726, 0.2418267416, -0.9566918740},{-0.2418417560, -0.9302060208, -0.2760965843},{-0.9566880786, 0.2761097352, -0.0922568935}}}
{{35.4386656271, -9.9518405026, -36.8095517211},{{-0.0748952170, -0.2597836630, -0.9627580978},{-0.2666551165, -0.9250936190, 0.2703642820},{-0.9608775964, 0.2769733643, 0.0000124444}}}
{{32.1718285233, -9.0228721529, -36.6525240731},{{-0.2638347135, -0.6908730915, -0.6731163461},{-0.1216897749, -0.6684258646, 0.7337564052},{-0.9568609317, 0.2755017876, 0.0922817555}}}
{{28.9325696979, -8.1028652777, -36.1827855696},{{-0.3045072364, -0.9346932700, -0.1833680291},{0.1219402426, -0.2291800970, 0.9657158280},{-0.9446723878, 0.2717075160, 0.1837637221}}}
{{25.7485261504, -7.1996704399, -35.4043444637},{{-0.1633903909, -0.9242235943, 0.3451294365},{0.3446137148, 0.2743268632, 0.8977673194},{-0.9244160144, 0.2656228905, 0.2736777527}}}
{{22.6468635535, -6.3209948459, -34.3238430621},{{0.1098011986, -0.6604435520, 0.7428041541},{0.4297129922, 0.7054155673, 0.5636804251},{-0.8962647160, 0.2572998094, 0.3612566498}}}
{{19.6540444196, -5.4743365279, -32.9505009858},{{0.4005407253, -0.2130742241, 0.8911602002},{0.3149251245, 0.9453489038, 0.0844844130},{-0.8604587691, 0.2468092889, 0.4457531621}}}
{{16.7956022935, -4.6669202988, -31.2960364197},{{0.5757811648, 0.2968856361, 0.7617971970},{0.0221496672, 0.9257376184, -0.3775172237},{-0.8173037639, 0.2342408612, 0.5264463662}}}
{{14.0959239048, -3.9056360229, -29.3745660308},{{0.5396617442, 0.7289097386, 0.4212550235},{-0.3467253717, 0.6483993413, -0.6777608802},{-0.7671679858, 0.2197018142, 0.6026478195}}}
{{11.5780411443, -3.1969797282, -27.2024844162},{{0.2761069112, 0.9611262746, 0.0011215759},{-0.6472898827, 0.1868121354, -0.7389973165},{-0.7104792617, 0.2033162817, 0.6737074352}}}
{{9.2634346400, -2.5469980600, -24.7983241202},{{-0.1392890594, 0.9248593707, -0.3538837412},{-0.7490365003, -0.3321553010, -0.5732514085},{-0.6477212975, 0.1852241895, 0.7390190257}}}
{{7.1718506113, -1.9612365460, -22.1825974233},{{-0.5637115063, 0.6257503966, -0.5391342864},{-0.5886346461, -0.7622464707, -0.2692388742},{-0.5794295394, 0.1655800685, 0.7980254694}}}
{{5.3211325572, -1.4446921140, -19.3776212646},{{-0.8391930224, 0.1447201855, -0.5242243213},{-0.1988220359, -0.9788569156, 0.0480513968},{-0.5061865952, 0.1445517437, 0.8502234555}}}
{{3.7270692117, -1.0017702632, -16.4073267987},{{-0.8525602186, -0.3827011676, -0.3559225899},{0.2990456860, -0.9157389913, 0.2683165623},{-0.4286172551, 0.1223189119, 0.8951677677}}}
{{2.4032600512, -0.6362472526, -13.2970552199},{{-0.5801654125, -0.8039407321, -0.1307187571},{0.7367041721, -0.5863992784, 0.3367533952},{-0.3473831559, 0.0990716187, 0.9324750706}}}
{{1.3609994913, -0.3512376238, -10.0733416010},{{-0.0999545102, -0.9937275324, 0.0501466578},{0.9595555701, -0.0829415097, 0.2690238163},{-0.2631771337, 0.0750086486, 0.9618271669}}}
{{0.6091807485, -0.1491673242, -6.7636885899},{{0.4341381472, -0.8923071668, 0.1237416226},{0.8833431156, 0.4486136679, 0.1358334170},{-0.1767173147, 0.0503358425, 0.9829736994}}}
{{0.1542201756, -0.0317526335, -3.3963318916},{{0.8461040173, -0.5255787433, 0.0887410643},{0.5255787551, 0.8503697413, 0.0252641087},{-0.0887409944, 0.0252643542, 0.9957342760}}}
{{0.0000000000, 0.0000000000, 0.0000000000},{{1.0000000000, 0.0000000000, 0.0000000000},{-0.0000000000, 1.0000000000, -0.0000000000},{-0.0000000000, 0.0000000000, 1.0000000000}}}
