{{0.000000, 0.000000, 0.000000},{{1.000000, 0.000000, 0.000000},{0.000000, 1.000000, 0.000000},{0.000000, 0.000000, 1.000000}}}
{{-0.578684, 0.248128, 3.258401},{{0.812256, 0.579572, -0.065854},{-0.583265, 0.808269, -0.080643},{0.006489, 0.103913, 0.994565}}}
{{0.258612, 0.618902, 6.474593},{{0.356308, 0.933118, -0.048335},{-0.934068, 0.357028, 0.006905},{0.023700, 0.042688, 0.998807}}}
{{0.455137, 0.658235, 9.806756},{{-0.351573, 0.934871, 0.049120},{-0.936097, -0.350453, -0.030086},{-0.010912, -0.056559, 0.998340}}}
{{0.978001, 1.074292, 13.192402},{{-0.802514, 0.591161, 0.080628},{-0.595894, -0.800894, -0.058982},{0.029707, -0.095379, 0.994998}}}
{{1.023532, 1.168863, 16.455905},{{-0.995485, -0.075821, 0.057105},{0.072134, -0.995334, -0.064083},{0.061697, -0.059675, 0.996309}}}
{{1.180457, 1.045807, 19.691091},{{-0.845950, -0.523175, -0.103234},{0.529110, -0.847596, -0.040288},{-0.066423, -0.088704, 0.993841}}}
{{1.496406, 0.724023, 22.962679},{{-0.364487, -0.904358, -0.222004},{0.928420, -0.371353, -0.011537},{-0.072009, -0.210318, 0.974977}}}
{{0.390784, -0.500515, 26.056284},{{0.125403, -0.954081, -0.272035},{0.988114, 0.095538, 0.120430},{-0.088910, -0.283903, 0.954722}}}
{{-0.205215, -2.240335, 28.962875},{{0.672851, -0.681549, -0.287685},{0.738480, 0.595770, 0.315762},{-0.043813, -0.424910, 0.904175}}}
{{-0.500510, -3.385324, 32.297802},{{0.947154, -0.218858, -0.234521},{0.307494, 0.827675, 0.469470},{0.091360, -0.516774, 0.851233}}}
{{-0.255728, -3.832994, 35.772047},{{0.901107, 0.361387, 0.239595},{-0.433231, 0.773127, 0.463234},{-0.017830, -0.521223, 0.853234}}}
{{-0.472494, -5.317789, 38.381173},{{0.584146, 0.718141, 0.378216},{-0.806233, 0.459659, 0.372427},{0.093605, -0.522482, 0.847497}}}
{{-2.706675, -6.803737, 41.404237},{{-0.182344, 0.731294, 0.657237},{-0.983229, -0.137934, -0.119311},{0.003404, -0.667970, 0.744180}}}
{{-2.866045, -8.655952, 44.485645},{{-0.677275, 0.518113, 0.522358},{-0.735023, -0.507610, -0.449526},{0.032249, -0.688398, 0.724616}}}
{{-3.037126, -10.658674, 47.482621},{{-0.988526, -0.007926, 0.150840},{-0.097010, -0.732129, -0.674222},{0.115779, -0.681119, 0.722960}}}
{{-2.948697, -12.455462, 50.117558},{{-0.875646, -0.445379, -0.186766},{0.458474, -0.645032, -0.611339},{0.151807, -0.620944, 0.769014}}}
{{-3.060600, -14.271872, 53.124625},{{-0.572183, -0.564258, -0.595164},{0.819229, -0.359310, -0.446945},{0.038344, -0.743310, 0.667848}}}
{{-3.066134, -16.060407, 55.827941},{{-0.091912, -0.481627, -0.871543},{0.995577, -0.027364, -0.089871},{0.019435, -0.875949, 0.482012}}}
{{-3.364975, -19.301727, 57.384272},{{0.504413, -0.428720, -0.749511},{0.861802, 0.303772, 0.406226},{0.053524, -0.850836, 0.522698}}}
{{-3.694756, -22.525426, 58.049251},{{0.823360, 0.034842, -0.566449},{0.519693, 0.354752, 0.777219},{0.228029, -0.934311, 0.273982}}}
{{-3.138954, -25.527704, 58.571830},{{0.968720, 0.222103, -0.110688},{0.044377, 0.283807, 0.957854},{0.244156, -0.932804, 0.265073}}}
{{-1.986678, -28.618367, 59.501577},{{0.830908, 0.427737, 0.355855},{-0.394151, 0.001068, 0.919045},{0.392729, -0.903903, 0.169481}}}
{{-2.488174, -31.657148, 61.875211},{{0.373153, 0.199539, 0.906058},{-0.889000, -0.202462, 0.410716},{0.265397, -0.958746, 0.101841}}}
{{-1.884576, -35.155539, 62.087028},{{-0.225054, 0.021082, 0.974118},{-0.949145, -0.230655, -0.214293},{0.220168, -0.972807, 0.071920}}}
{{-0.709310, -38.528297, 62.582711},{{-0.746727, -0.271692, 0.607110},{-0.562909, -0.228073, -0.794428},{0.354305, -0.934969, 0.017371}}}
{{0.135576, -41.662311, 63.009224},{{-0.947526, -0.310296, 0.076877},{-0.062575, -0.055801, -0.996479},{0.313493, -0.949001, 0.033456}}}
{{1.353739, -45.268402, 63.283275},{{-0.848882, -0.165107, -0.502134},{0.493156, 0.094535, -0.864789},{0.190252, -0.981735, 0.001174}}}
{{1.572786, -48.038487, 63.618403},{{-0.492711, 0.018717, -0.869992},{0.858205, 0.175830, -0.482253},{0.143945, -0.984243, -0.102696}}}
{{1.826002, -51.212673, 62.813845},{{-0.031854, 0.254741, -0.966485},{0.941209, 0.333022, 0.056756},{0.336318, -0.907856, -0.250373}}}
{{1.840209, -54.656784, 62.018688},{{0.439433, 0.439366, -0.783490},{0.870973, 0.005003, 0.491305},{0.219782, -0.898294, -0.380477}}}
{{2.786065, -57.528458, 59.926231},{{0.851259, 0.420019, -0.314552},{0.464149, -0.323047, 0.824746},{0.244794, -0.848071, -0.469948}}}
{{3.442214, -59.811023, 58.141800},{{0.948154, 0.220468, 0.228904},{-0.100038, -0.476600, 0.873410},{0.301655, -0.851026, -0.429835}}}
{{4.612897, -62.751956, 56.280884},{{0.676691, -0.188348, 0.711769},{-0.685773, -0.513077, 0.516206},{0.267966, -0.837423, -0.476358}}}
{{5.473131, -65.143699, 54.626754},{{0.268161, -0.419600, 0.867194},{-0.928217, -0.353497, 0.115989},{0.257881, -0.836048, -0.484274}}}
{{3.882701, -67.601775, 51.652038},{{-0.468311, -0.743569, 0.477273},{-0.846231, 0.222100, -0.484319},{0.254122, -0.630695, -0.733243}}}
{{3.423604, -70.212066, 49.072066},{{-0.840481, -0.472766, 0.264735},{-0.505071, 0.506647, -0.698722},{0.196205, -0.720972, -0.664607}}}
{{5.025523, -71.462173, 46.164339},{{-0.976082, -0.047614, -0.212124},{0.105876, 0.748087, -0.655101},{0.189879, -0.661891, -0.725153}}}
{{5.504927, -73.834191, 43.747293},{{-0.760429, 0.432278, -0.484648},{0.637352, 0.639966, -0.429215},{0.124618, -0.635279, -0.762162}}}
{{5.694070, -75.316105, 41.104088},{{-0.296774, 0.795644, -0.528087},{0.954749, 0.258496, -0.147086},{0.019481, -0.547842, -0.836355}}}
{{5.091001, -76.699507, 38.146778},{{0.217138, 0.880582, -0.421221},{0.973785, -0.225374, 0.030830},{-0.067784, -0.416873, -0.906434}}}
{{5.670050, -76.626586, 34.556801},{{0.705431, 0.704470, -0.078033},{0.707603, -0.693642, 0.134757},{0.040805, -0.150278, -0.987801}}}
{{4.821468, -78.685623, 31.544260},{{0.982935, 0.153289, 0.101693},{0.126339, -0.964358, 0.232490},{0.133706, -0.215675, -0.967268}}}
{{5.552104, -80.435530, 28.527739},{{0.817481, -0.545015, 0.186237},{-0.567263, -0.817856, 0.096559},{0.099689, -0.184580, -0.977749}}}
{{4.609217, -80.443686, 25.121714},{{0.360504, -0.919068, 0.159221},{-0.932680, -0.352984, 0.074232},{-0.012021, -0.175263, -0.984448}}}
{{3.755728, -82.274111, 22.210882},{{-0.374016, -0.921073, 0.108336},{-0.922569, 0.357577, -0.144934},{0.094757, -0.154155, -0.983492}}}
{{4.405666, -81.445115, 18.716416},{{-0.826654, -0.562710, -0.000090},{-0.561168, 0.824401, -0.073840},{0.041625, -0.060990, -0.997270}}}
{{4.617105, -81.516460, 15.155343},{{-0.998889, 0.041483, 0.022338},{0.039333, 0.995227, -0.089309},{-0.025937, -0.088331, -0.995753}}}
{{3.573186, -81.987079, 12.388276},{{-0.872726, 0.483006, 0.071100},{0.467749, 0.868953, -0.161653},{-0.139862, -0.107821, -0.984283}}}
{{3.090326, -82.489942, 9.187779},{{-0.443027, 0.886212, 0.135482},{0.874712, 0.460412, -0.151325},{-0.196484, 0.051467, -0.979155}}}
{{2.229270, -81.686514, 5.452117},{{0.152840, 0.968908, 0.194570},{0.924726, -0.070767, -0.373998},{-0.348601, 0.237085, -0.906790}}}
{{2.482688, -79.860658, 2.365150},{{0.655515, 0.672569, 0.343441},{0.721273, -0.422845, -0.548605},{-0.223752, 0.607333, -0.762287}}}
{{1.450685, -79.169367, -0.411786},{{0.895492, 0.434667, 0.095702},{0.420824, -0.756877, -0.500045},{-0.144919, 0.488060, -0.860695}}}
{{0.827616, -77.362229, -3.246024},{{0.973360, -0.182759, -0.138454},{-0.228769, -0.814479, -0.533186},{-0.015323, 0.550656, -0.834591}}}
{{1.575567, -76.542284, -6.462889},{{0.679422, -0.457366, -0.573761},{-0.710504, -0.605346, -0.358804},{-0.183220, 0.651439, -0.736246}}}
{{-0.721818, -73.490463, -8.569450},{{0.007882, -0.718926, -0.695042},{-0.973355, -0.164807, 0.159432},{-0.229168, 0.675266, -0.701069}}}
{{-2.408318, -71.566292, -11.807108},{{-0.641301, -0.482674, -0.596455},{-0.765189, 0.344841, 0.543664},{-0.056730, 0.805053, -0.590484}}}
{{-2.216489, -68.032683, -12.762590},{{-0.940154, -0.330256, -0.083907},{-0.252585, 0.510165, 0.822151},{-0.228715, 0.794143, -0.563052}}}
{{-2.568975, -65.729655, -14.936569},{{-0.937764, -0.035677, 0.345435},{0.266200, 0.564941, 0.781012},{-0.223014, 0.824360, -0.520284}}}
{{-3.486978, -62.447855, -16.214667},{{-0.545366, 0.170003, 0.820777},{0.751305, 0.533310, 0.388743},{-0.371641, 0.828661, -0.418573}}}
{{-4.805353, -60.140328, -17.612151},{{-0.025069, 0.346431, 0.937740},{0.950844, 0.297881, -0.084628},{-0.308653, 0.889524, -0.336870}}}
{{-5.853533, -57.037879, -18.802277},{{0.537128, 0.321096, 0.779994},{0.799948, 0.099383, -0.591782},{-0.267536, 0.941818, -0.203479}}}
{{-6.113553, -53.935829, -19.114834},{{0.898015, 0.254858, 0.358632},{0.371808, -0.003807, -0.928302},{-0.235220, 0.966971, -0.098177}}}
{{-5.853085, -50.582238, -20.125538},{{0.970194, 0.073691, -0.230853},{-0.229825, -0.022252, -0.972977},{-0.076837, 0.997033, -0.004652}}}
{{-7.942734, -47.440118, -20.918524},{{0.575898, 0.084618, -0.813131},{-0.798885, -0.152915, -0.581721},{-0.173564, 0.984610, -0.020463}}}
{{-9.525497, -44.207343, -22.118513},{{-0.112348, 0.070242, -0.991183},{-0.978172, -0.183301, 0.097883},{-0.174809, 0.980544, 0.089302}}}
{{-10.251202, -41.104935, -20.799652},{{-0.644722, -0.006691, -0.764388},{-0.743410, -0.227328, 0.629018},{-0.177976, 0.973795, 0.141589}}}
{{-12.308515, -38.135978, -19.263943},{{-0.988886, -0.096546, -0.113065},{-0.101598, -0.116412, 0.987991},{-0.108549, 0.988497, 0.105310}}}
{{-13.024035, -35.112450, -18.496326},{{-0.904121, -0.267416, 0.333248},{0.367719, -0.089790, 0.925592},{-0.217596, 0.959389, 0.179515}}}
{{-13.444158, -31.725424, -18.098017},{{-0.479418, -0.375750, 0.793077},{0.838085, 0.072047, 0.540761},{-0.260330, 0.923916, 0.280370}}}
{{-14.519372, -28.706224, -17.253424},{{0.135557, -0.342646, 0.929633},{0.964067, 0.261988, -0.044014},{-0.228472, 0.902195, 0.365848}}}
{{-16.241597, -26.285243, -15.734085},{{0.607908, -0.265058, 0.748460},{0.759802, 0.467888, -0.451423},{-0.230542, 0.843104, 0.485825}}}
{{-17.207470, -23.559676, -14.011877},{{0.939268, -0.057697, 0.338299},{0.308777, 0.572291, -0.759697},{-0.149773, 0.818018, 0.555350}}}
{{-17.319987, -20.837006, -12.167240},{{0.976562, 0.154935, -0.149404},{-0.212361, 0.580500, -0.786080},{-0.035062, 0.799384, 0.599797}}}
{{-19.258433, -17.599873, -10.943580},{{0.560245, 0.525554, -0.640248},{-0.823492, 0.269996, -0.498963},{-0.089368, 0.806781, 0.584053}}}
{{-19.759810, -14.363794, -9.950490},{{0.021484, 0.652289, -0.757666},{-0.992084, -0.079874, -0.096896},{-0.123722, 0.753750, 0.645410}}}
{{-20.925398, -13.070575, -6.455458},{{-0.652542, 0.507871, -0.562366},{-0.751410, -0.529517, 0.393694},{-0.097837, 0.679470, 0.727151}}}
{{-22.937874, -11.378776, -3.544969},{{-0.992769, 0.092558, -0.076436},{-0.119609, -0.708846, 0.695149},{0.010161, 0.699264, 0.714791}}}
{{-22.301256, -9.770159, -0.659257},{{-0.878085, -0.428109, 0.213749},{0.469191, -0.682612, 0.560268},{-0.093948, 0.592252, 0.800257}}}
{{-22.404101, -7.581939, 2.043773},{{-0.454125, -0.799240, 0.393682},{0.868619, -0.298894, 0.395176},{-0.198171, 0.521419, 0.829970}}}
{{-23.097685, -6.463281, 5.064078},{{0.110016, -0.905555, 0.409716},{0.960335, 0.203113, 0.191054},{-0.256229, 0.372446, 0.891981}}}
{{-24.202644, -5.417952, 8.142568},{{0.623312, -0.708153, 0.331665},{0.765559, 0.639066, -0.074251},{-0.159375, 0.300191, 0.940471}}}
{{-24.602280, -3.809720, 11.228393},{{0.965788, -0.246614, 0.080222},{0.258294, 0.942405, -0.212503},{-0.023195, 0.225953, 0.973862}}}
{{-24.553473, -3.530661, 14.448991},{{0.971496, 0.233144, -0.042885},{-0.236788, 0.945798, -0.222255},{-0.011257, 0.226074, 0.974045}}}
{{-23.859815, -1.879051, 17.697367},{{0.663655, 0.713028, -0.226169},{-0.743925, 0.660780, -0.099727},{0.078340, 0.234438, 0.968970}}}
{{-24.730101, -2.225885, 21.166507},{{0.055735, 0.988194, -0.142710},{-0.998303, 0.052743, -0.024663},{-0.016845, 0.143842, 0.989457}}}
{{-26.660033, -2.137669, 24.859159},{{-0.675448, 0.737043, 0.023187},{-0.735747, -0.675702, 0.045861},{0.049469, 0.013917, 0.998679}}}
{{-26.709710, -3.911175, 28.289829},{{-0.975341, 0.118427, 0.186239},{-0.133022, -0.988785, -0.067888},{0.176111, -0.090987, 0.980156}}}
{{-26.296591, -4.506440, 31.374008},{{-0.906575, -0.419685, 0.044574},{0.404496, -0.894157, -0.192004},{0.120438, -0.156036, 0.980381}}}
{{-26.616624, -5.454742, 34.593528},{{-0.571539, -0.788385, -0.227578},{0.819471, -0.562758, -0.108491},{-0.042539, -0.248501, 0.967697}}}
{{-26.463540, -6.664447, 37.667318},{{-0.068129, -0.903631, -0.422858},{0.988869, -0.117356, 0.091464},{-0.132275, -0.411920, 0.901568}}}
{{-27.437819, -8.921055, 40.627727},{{0.391360, -0.664116, -0.637014},{0.914209, 0.201481, 0.351607},{-0.105161, -0.719969, 0.685993}}}
{{-27.957106, -11.407378, 42.392110},{{0.837392, -0.360672, -0.410719},{0.546480, 0.568346, 0.615095},{0.011583, -0.739525, 0.673029}}}
{{-28.417502, -13.925892, 44.120352},{{0.983055, -0.035831, -0.179773},{0.158336, 0.660156, 0.734251},{0.092369, -0.750274, 0.654643}}}
{{-28.463004, -16.084744, 46.687856},{{0.843226, 0.430286, 0.322215},{-0.529511, 0.561526, 0.635850},{0.092665, -0.706783, 0.701336}}}
{{-27.220721, -17.866395, 49.789238},{{0.430506, 0.654213, 0.621828},{-0.869843, 0.116832, 0.479296},{0.240912, -0.747232, 0.619359}}}
{{-28.084924, -21.336849, 50.834271},{{-0.269186, 0.537195, 0.799350},{-0.955550, -0.252614, -0.152021},{0.120263, -0.804740, 0.581317}}}
{{-28.541202, -23.780169, 53.287842},{{-0.764702, 0.265820, 0.587001},{-0.635086, -0.465091, -0.616730},{0.109069, -0.844411, 0.524474}}}
{{-27.538092, -26.818797, 54.237493},{{-0.986881, -0.119844, 0.108178},{-0.032498, -0.508878, -0.860225},{0.158142, -0.852456, 0.498308}}}
{{-28.282027, -30.479818, 55.332534},{{-0.798998, -0.416321, -0.433911},{0.593446, -0.429426, -0.680746},{0.097076, -0.801417, 0.590175}}}
{{-27.120523, -32.974584, 57.875623},{{-0.382674, -0.368154, -0.847363},{0.922345, -0.099336, -0.373378},{0.053287, -0.924443, 0.377578}}}
{{-27.136493, -35.622145, 59.550118},{{0.138683, -0.198185, -0.970304},{0.986172, 0.117392, 0.116974},{0.090724, -0.973109, 0.211725}}}
{{-26.741153, -38.914605, 59.996553},{{0.598369, 0.036021, -0.800410},{0.788659, 0.149724, 0.596322},{0.141320, -0.988072, 0.061182}}}
{{-26.325835, -42.229934, 60.175572},{{0.950926, 0.212425, -0.224980},{0.216732, 0.061659, 0.974282},{0.220834, -0.975230, 0.012594}}}
{{-24.521090, -45.171914, 60.811973},{{0.917045, 0.151281, 0.368975},{-0.348494, -0.145772, 0.925906},{0.193858, -0.977683, -0.080959}}}
{{-25.084129, -48.576076, 60.739853},{{0.595142, 0.162997, 0.786917},{-0.750819, -0.236308, 0.616789},{0.286489, -0.957910, -0.018255}}}
{{-26.111370, -52.473361, 61.576685},{{-0.075082, -0.313407, 0.946646},{-0.966756, -0.209821, -0.146142},{0.244428, -0.926149, -0.287234}}}
{{-25.365113, -55.225500, 60.879705},{{-0.619792, -0.339543, 0.707509},{-0.756252, 0.017604, -0.654044},{0.209621, -0.940426, -0.267691}}}
{{-24.143091, -58.893612, 60.106270},{{-0.947769, -0.270849, 0.168449},{-0.213679, 0.147078, -0.965769},{0.236802, -0.951320, -0.197270}}}
{{-23.554397, -61.814990, 59.822804},{{-0.901830, -0.179010, -0.393265},{0.320235, 0.334140, -0.886454},{0.290090, -0.925368, -0.244012}}}
{{-22.660388, -65.239840, 58.859348},{{-0.522162, 0.125192, -0.843607},{0.822564, 0.335178, -0.459396},{0.225246, -0.933800, -0.277996}}}
{{-22.795343, -68.166533, 57.473646},{{-0.173411, 0.479962, -0.859980},{0.964307, 0.260166, -0.049247},{0.200101, -0.837825, -0.507946}}}
{{-22.118619, -70.744861, 55.735145},{{0.364813, 0.632878, -0.682918},{0.914311, -0.104923, 0.391187},{0.175920, -0.767109, -0.616924}}}
{{-21.384281, -72.893302, 53.359072},{{0.828108, 0.493337, -0.266188},{0.524503, -0.514324, 0.678504},{0.197825, -0.701490, -0.684673}}}
{{-21.043132, -75.121337, 50.975302},{{0.973828, 0.182224, 0.135843},{0.024621, -0.678735, 0.733970},{0.225949, -0.711416, -0.665458}}}
{{-20.192403, -77.296525, 48.208710},{{0.802120, -0.237301, 0.547989},{-0.548532, -0.655516, 0.519049},{0.236044, -0.716929, -0.655969}}}
{{-19.445094, -79.523573, 45.830219},{{0.293955, -0.672239, 0.679474},{-0.932681, -0.357208, 0.050094},{0.209038, -0.648457, -0.731988}}}
{{-18.968898, -81.252762, 43.208645},{{-0.283984, -0.791240, 0.541565},{-0.930373, 0.090810, -0.355189},{0.231861, -0.604726, -0.761937}}}
{{-19.845772, -82.063975, 39.413771},{{-0.788620, -0.613477, 0.041535},{-0.535892, 0.652620, -0.535636},{0.301494, -0.444671, -0.843427}}}
{{-19.120015, -83.701246, 36.570118},{{-0.985980, -0.144802, -0.082919},{-0.083095, 0.857018, -0.508542},{0.144701, -0.494522, -0.857035}}}
{{-18.681148, -85.649118, 33.974087},{{-0.895393, 0.343067, -0.283861},{0.430696, 0.829073, -0.356566},{0.113016, -0.441524, -0.890103}}}
{{-19.449299, -87.218531, 31.328644},{{-0.511100, 0.828529, -0.228726},{0.857486, 0.473204, -0.201980},{-0.059112, -0.299362, -0.952307}}}
{{-20.306474, -88.612578, 27.839293},{{-0.013939, 0.975102, -0.221320},{0.980429, -0.030142, -0.194551},{-0.196378, -0.219701, -0.955598}}}
{{-20.671562, -87.653192, 24.874653},{{0.441187, 0.890684, -0.109706},{0.881393, -0.453057, -0.133739},{-0.168822, -0.037690, -0.984926}}}
{{-20.660619, -87.422147, 21.407515},{{0.880851, 0.473360, -0.005680},{0.472928, -0.879388, 0.054909},{0.020996, -0.051053, -0.998475}}}
{{-21.728871, -86.824231, 18.262248},{{0.991371, -0.119798, -0.053218},{-0.120020, -0.992771, -0.000974},{-0.052717, 0.007352, -0.998582}}}
{{-21.645851, -86.409951, 14.432620},{{0.687965, -0.722131, -0.072329},{-0.713888, -0.691297, 0.111675},{-0.130645, -0.025194, -0.991109}}}
{{-22.032927, -85.788349, 11.205700},{{0.213615, -0.975903, 0.044528},{-0.964098, -0.203232, 0.170914},{-0.157746, -0.079439, -0.984279}}}
{{-24.775487, -84.824344, 8.344919},{{-0.580194, -0.804948, -0.124233},{-0.813067, 0.563439, 0.146486},{-0.047916, 0.186000, -0.981381}}}
{{-25.327349, -84.131554, 5.697496},{{-0.905791, -0.412343, 0.097547},{-0.394247, 0.904506, 0.162600},{-0.155279, 0.108824, -0.981858}}}
{{-25.908373, -81.839246, 2.253325},{{-0.937363, 0.299612, 0.177719},{0.316317, 0.945768, 0.073940},{-0.145928, 0.125524, -0.981300}}}
{{-26.381393, -80.715121, -0.512698},{{-0.655207, 0.686015, 0.316366},{0.731866, 0.680232, 0.040694},{-0.187286, 0.258201, -0.947764}}}
{{-27.302580, -79.910902, -3.756682},{{-0.070859, 0.856553, 0.511171},{0.971452, 0.175576, -0.159542},{-0.226405, 0.485273, -0.844542}}}
{{-28.640517, -78.685635, -6.583007},{{0.443644, 0.786547, 0.429561},{0.869191, -0.260834, -0.420086},{-0.218373, 0.559740, -0.799378}}}
{{-29.309791, -76.742607, -9.209926},{{0.890174, 0.388793, 0.237551},{0.446930, -0.643767, -0.621142},{-0.088568, 0.659093, -0.746828}}}
{{-28.585040, -74.487936, -11.664030},{{0.997299, -0.043769, -0.058986},{-0.071897, -0.746047, -0.662001},{-0.015031, 0.664453, -0.747178}}}
{{-28.637509, -72.109193, -14.040738},{{0.772575, -0.488902, -0.405097},{-0.634924, -0.595556, -0.492122},{-0.000659, 0.637407, -0.770527}}}
{{-28.226665, -69.759287, -16.213372},{{0.319991, -0.722605, -0.612739},{-0.947346, -0.252136, -0.197389},{-0.011859, 0.643638, -0.765238}}}
{{-28.497764, -67.188380, -18.642705},{{-0.424386, -0.622685, -0.657389},{-0.904536, 0.258369, 0.339206},{-0.041369, 0.738586, -0.672889}}}
{{-27.949544, -64.900190, -20.982879},{{-0.841609, -0.381449, -0.382350},{-0.539170, 0.552129, 0.635964},{-0.031482, 0.741384, -0.670342}}}
{{-28.290137, -62.740482, -23.249850},{{-0.998823, 0.012623, 0.046840},{0.041887, 0.711477, 0.701460},{-0.024471, 0.702596, -0.711168}}}
{{-28.350965, -60.367437, -25.683973},{{-0.802001, 0.424124, 0.420610},{0.597215, 0.582684, 0.551192},{-0.011309, 0.693251, -0.720607}}}
{{-28.366333, -57.986578, -28.112195},{{-0.329598, 0.668913, 0.666273},{0.944120, 0.232219, 0.233906},{0.001742, 0.706137, -0.708073}}}
{{-28.338219, -55.563414, -30.498145},{{0.255841, 0.670036, 0.696848},{0.966614, -0.187944, -0.174170},{0.014268, 0.718143, -0.695749}}}
{{-28.268399, -53.100866, -32.842612},{{0.753109, 0.435301, 0.493294},{0.657371, -0.527846, -0.537813},{0.026273, 0.729309, -0.683680}}}
{{-28.158637, -50.601726, -35.146532},{{0.991692, 0.055001, 0.116283},{0.122967, -0.670715, -0.731451},{0.037762, 0.739673, -0.671906}}}
{{-28.010679, -48.068655, -37.410974},{{0.890171, -0.332498, -0.311514},{-0.453012, -0.572742, -0.683188},{0.048741, 0.749274, -0.660464}}}
{{-27.826247, -45.504188, -39.637128},{{0.483881, -0.590796, -0.645615},{-0.873128, -0.275996, -0.401838},{0.059217, 0.758147, -0.649389}}}
{{-27.607041, -42.910739, -41.826294},{{-0.087516, -0.633116, -0.769094},{-0.993757, 0.109116, 0.023256},{0.069197, 0.766327, -0.638713}}}
{{-27.354729, -40.290605, -43.979877},{{-0.628127, -0.451050, -0.634042},{-0.774122, 0.444648, 0.450582},{0.078690, 0.773849, -0.628463}}}
{{-27.070952, -37.645972, -46.099371},{{-0.953006, -0.115027, -0.280265},{-0.289979, 0.614173, 0.733965},{0.087705, 0.780744, -0.618665}}}
{{-26.757320, -34.978917, -48.186355},{{-0.951386, 0.252692, 0.176101},{0.292575, 0.562771, 0.773103},{0.096252, 0.787042, -0.609344}}}
{{-26.415410, -32.291418, -50.242482},{{-0.624392, 0.522202, 0.580896},{0.774111, 0.314349, 0.549488},{0.104340, 0.792774, -0.600519}}}
{{-26.046765, -29.585359, -52.269477},{{-0.084413, 0.601443, 0.794444},{0.990119, -0.038971, 0.134708},{0.111979, 0.797965, -0.592210}}}
{{-25.652895, -26.862532, -54.269124},{{0.483535, 0.467188, 0.740222},{0.867174, -0.370814, -0.332426},{0.119179, 0.802641, -0.584435}}}
{{-25.235275, -24.124648, -56.243262},{{0.885185, 0.171278, 0.432565},{0.447867, -0.565417, -0.692617},{0.125949, 0.806825, -0.577208}}}
{{-24.795348, -21.373340, -58.193781},{{0.983430, -0.179311, -0.026694},{-0.123941, -0.557559, -0.820833},{0.132301, 0.810540, -0.570544}}}
{{-24.334523, -18.610172, -60.122617},{{0.745115, -0.460916, -0.482038},{-0.652452, -0.353946, -0.670097},{0.138243, 0.813805, -0.564455}}}
{{-23.854176, -15.836643, -62.031743},{{0.252227, -0.576409, -0.777260},{-0.956926, -0.029225, -0.288857},{0.143785, 0.816638, -0.558953}}}
{{-23.355651, -13.054192, -63.923169},{{-0.326260, -0.488217, -0.809444},{-0.933474, 0.301318, 0.194512},{0.148936, 0.819055, -0.554045}}}
{{-22.840263, -10.264209, -65.798935},{{-0.792260, -0.230077, -0.565145},{-0.590508, 0.522405, 0.615137},{0.153705, 0.821071, -0.549743}}}
{{-22.309294, -7.468038, -67.661110},{{-0.986361, 0.105944, -0.125968},{-0.045783, 0.558520, 0.828226},{0.158101, 0.822697, -0.546052}}}
{{-21.764000, -4.666984, -69.511788},{{-0.842352, 0.402171, 0.358750},{0.513961, 0.399216, 0.759256},{0.162132, 0.823945, -0.542980}}}
{{-21.205609, -1.862320, -71.353082},{{-0.409852, 0.556176, 0.722973},{0.896956, 0.101666, 0.430272},{0.165805, 0.824823, -0.540533}}}
{{-20.635324, 0.944709, -73.187123},{{0.162709, 0.515709, 0.841172},{0.972071, -0.229920, -0.047069},{0.169129, 0.825337, -0.538715}}}
{{-20.054324, 3.752876, -75.016060},{{0.678941, 0.295961, 0.671897},{0.713735, -0.480591, -0.509524},{0.172109, 0.825493, -0.537531}}}
{{-19.463765, 6.560969, -76.842052},{{0.961801, -0.026366, 0.272479},{0.210717, -0.564087, -0.798376},{0.174752, 0.825294, -0.536984}}}
{{-18.864783, 9.367784, -78.667270},{{0.914301, -0.339818, -0.220402},{-0.364282, -0.452024, -0.814231},{0.177063, 0.824741, -0.537076}}}
{{-18.258495, 12.172116, -80.493892},{{0.552824, -0.536431, -0.637674},{-0.813835, -0.183139, -0.551483},{0.179049, 0.823834, -0.537809}}}
{{-17.646000, 14.972756, -82.324100},{{0.001563, -0.548451, -0.836181},{-0.983534, 0.150267, -0.100399},{0.180714, 0.822570, -0.539186}}}
{{-17.028383, 17.768486, -84.160082},{{-0.550038, -0.371205, -0.748108},{-0.815053, 0.433886, 0.383969},{0.182062, 0.820945, -0.541205}}}
{{-16.406714, 20.558068, -86.004025},{{-0.912317, -0.064566, -0.404362},{-0.366269, 0.570218, 0.735323},{0.183097, 0.818952, -0.543868}}}
{{-15.782053, 23.340240, -87.858113},{{-0.960591, 0.267312, 0.076220},{0.208506, 0.511598, 0.833542},{0.183822, 0.816585, -0.547172}}}
{{-15.155450, 26.113713, -89.724527},{{-0.678119, 0.511139, 0.528102},{0.711485, 0.276426, 0.646048},{0.184240, 0.813834, -0.551117}}}
{{-14.527947, 28.877159, -91.605440},{{-0.162008, 0.582721, 0.796360},{0.969416, -0.056782, 0.238764},{0.184352, 0.810686, -0.555700}}}
{{-13.900578, 31.629209, -93.503015},{{0.410057, 0.455551, 0.790143},{0.893274, -0.375521, -0.247075},{0.184160, 0.807129, -0.560917}}}
{{-13.274374, 34.368448, -95.419402},{{0.840907, 0.170216, 0.513713},{0.509060, -0.570948, -0.644109},{0.183665, 0.803147, -0.566764}}}
{{-12.650366, 37.093402, -97.356733},{{0.981815, -0.178593, 0.064366},{-0.050965, -0.574582, -0.816859},{0.182869, 0.798724, -0.573236}}}
{{-12.029580, 39.802539, -99.317119},{{0.783881, -0.473293, -0.401901},{-0.593709, -0.381852, -0.708307},{0.181769, 0.793841, -0.580325}}}
{{-11.413045, 42.494261, -101.302651},{{0.315089, -0.612642, -0.724838},{-0.931765, -0.054543, -0.358941},{0.180367, 0.788477, -0.588024}}}
{{-10.801792, 45.166896, -103.315384},{{-0.262936, -0.546057, -0.795416},{-0.948127, 0.298905, 0.108217},{0.178662, 0.782610, -0.596324}}}
{{-10.196856, 47.818691, -105.357346},{{-0.750566, -0.291548, -0.593001},{-0.636746, 0.559007, 0.531099},{0.176651, 0.776216, -0.605214}}}
{{-9.599277, 50.447814, -107.430523},{{-0.979088, 0.068949, -0.191395},{-0.104852, 0.635194, 0.765202},{0.174333, 0.769269, -0.614682}}}
{{-9.010104, 53.052336, -109.536854},{{-0.869100, 0.415721, 0.268031},{0.463877, 0.496917, 0.733411},{0.171706, 0.761741, -0.624714}}}
{{-8.430391, 55.630236, -111.678232},{{-0.458173, 0.630651, 0.626383},{0.872694, 0.185362, 0.451715},{0.168767, 0.753605, -0.635293}}}
{{-7.861203, 58.179391, -113.856489},{{0.111894, 0.637028, 0.762676},{0.979839, -0.198562, 0.022095},{0.165514, 0.744828, -0.646403}}}
{{-7.303614, 60.697569, -116.073392},{{0.643939, 0.426530, 0.635150},{0.747742, -0.526584, -0.404465},{0.161943, 0.735379, -0.658022}}}
{{-6.758710, 63.182428, -118.330635},{{0.953598, 0.064024, 0.294196},{0.256262, -0.685530, -0.681453},{0.158051, 0.725224, -0.670127}}}
{{-6.227588, 65.631508, -120.629830},{{0.933216, -0.332094, -0.137195},{-0.324721, -0.615995, -0.717710},{0.153835, 0.714328, -0.682694}}}
{{-5.711357, 68.042229, -122.972498},{{0.589315, -0.628193, -0.508017},{-0.793990, -0.334140, -0.507869},{0.149291, 0.702655, -0.695693}}}
{{-5.211138, 70.411886, -125.360057},{{0.040584, -0.720133, -0.692648},{-0.988685, 0.071251, -0.132008},{0.144415, 0.690167, -0.709093}}}
{{-4.728064, 72.737644, -127.793813},{{-0.523057, -0.569575, -0.634031},{-0.840853, 0.466357, 0.274732},{0.139205, 0.676828, -0.722860}}}
{{-4.263282, 75.016540, -130.274948},{{-0.906185, -0.219336, -0.361552},{-0.401204, 0.716141, 0.571120},{0.133655, 0.662596, -0.736955}}}
{{-3.817946, 77.245476, -132.804506},{{-0.975654, 0.218200, 0.022116},{0.178260, 0.730217, 0.659550},{0.127764, 0.647434, -0.751335}}}
{{-3.393224, 79.421220, -135.383382},{{-0.706893, 0.596767, 0.379699},{0.696802, 0.495305, 0.518788},{0.121529, 0.631302, -0.765956}}}
{{-2.990291, 81.540406, -138.012306},{{-0.192609, 0.784839, 0.589008},{0.974520, 0.082678, 0.208508},{0.114947, 0.614160, -0.780765}}}
{{-2.610330, 83.599533, -140.691830},{{0.389218, 0.711149, 0.585471},{0.914791, -0.372944, -0.155146},{0.108016, 0.595969, -0.795709}}}
{{-2.254528, 85.594969, -143.422312},{{0.836973, 0.391435, 0.382433},{0.537893, -0.717082, -0.443243},{0.100735, 0.576691, -0.810728}}}
{{-1.924075, 87.522951, -146.203898},{{0.995319, -0.073584, 0.062651},{-0.025911, -0.827726, -0.560534},{0.093105, 0.556287, -0.825758}}}
{{-1.620162, 89.379595, -149.036508},{{0.809105, -0.529521, -0.254865},{-0.581466, -0.658543, -0.477722},{0.085124, 0.534723, -0.840729}}}
{{-1.343973, 91.160894, -151.919819},{{0.342534, -0.819420, -0.459588},{-0.936361, -0.257766, -0.238294},{0.076796, 0.511964, -0.855567}}}
{{-1.096685, 92.862734, -154.853243},{{-0.243066, -0.837819, -0.488854},{-0.967615, 0.244817, 0.061536},{0.068124, 0.487979, -0.870193}}}
{{-0.879464, 94.480897, -157.835916},{{-0.745151, -0.569168, -0.347560},{-0.664271, 0.679646, 0.311167},{0.059111, 0.462741, -0.884521}}}
{{-0.693455, 96.011076, -160.866675},{{-0.990114, -0.096568, -0.101728},{-0.131139, 0.894642, 0.427105},{0.049765, 0.436223, -0.898461}}}
{{-0.539780, 97.448889, -163.944040},{{-0.893340, 0.423473, 0.150378},{0.447589, 0.808625, 0.381825},{0.040093, 0.408407, -0.911919}}}
{{-0.419532, 98.789891, -167.066201},{{-0.488346, 0.812853, 0.317471},{0.872131, 0.442061, 0.209689},{0.030104, 0.379277, -0.924793}}}
{{-0.333765, 100.029597, -170.230998},{{0.085014, 0.933181, 0.349207},{0.996183, -0.086575, -0.011167},{0.019812, 0.348823, -0.936979}}}
{{-0.283489, 101.163499, -173.435902},{{0.629066, 0.735384, 0.251965},{0.777297, -0.598911, -0.192653},{0.009230, 0.317043, -0.948366}}}
{{-0.269660, 102.187091, -176.678006},{{0.956650, 0.279690, 0.081203},{0.291235, -0.917143, -0.272085},{-0.001624, 0.283940, -0.958841}}}
{{-0.293174, 103.095893, -179.954007},{{0.955558, -0.282198, -0.085287},{-0.294529, -0.926338, -0.234843},{-0.012732, 0.249526, -0.968284}}}
{{-0.354853, 103.885479, -183.260195},{{0.626839, -0.757748, -0.181359},{-0.778777, -0.616521, -0.115792},{-0.024070, 0.213821, -0.976576}}}
{{-0.455441, 104.551511, -186.592442},{{0.083932, -0.980210, -0.179287},{-0.995835, -0.088940, 0.020066},{-0.035615, 0.176856, -0.983592}}}
{{-0.595590, 105.089765, -189.946199},{{-0.486823, -0.867943, -0.098375},{-0.872217, 0.476912, 0.108593},{-0.047336, 0.138670, -0.989207}}}
{{-0.775851, 105.496174, -193.316484},{{-0.890424, -0.455070, 0.007573},{-0.451265, 0.884900, 0.115373},{-0.059204, 0.099313, -0.993293}}}
{{-0.996664, 105.766860, -196.697888},{{-0.989922, 0.118349, 0.077763},{0.122419, 0.991227, 0.049830},{-0.071184, 0.058848, -0.995726}}}
{{-1.258345, 105.898176, -200.084573},{{-0.752742, 0.654112, 0.074273},{0.653032, 0.756198, -0.041388},{-0.083237, 0.017348, -0.996379}}}
{{-1.561079, 105.886744, -203.470278},{{-0.260960, 0.965349, 0.000647},{0.960631, 0.259751, -0.098572},{-0.095325, -0.025102, -0.995130}}}
{{-1.904906, 105.729499, -206.848334},{{0.317540, 0.943019, -0.099418},{0.942143, -0.325633, -0.079562},{-0.107402, -0.068402, -0.991860}}}
{{-2.289714, 105.423732, -210.211675},{{0.786758, 0.595322, -0.163106},{0.605599, -0.795580, 0.017371},{-0.119423, -0.112444, -0.986456}}}
{{-2.715228, 104.967131, -213.552860},{{0.989115, 0.045316, -0.139994},{0.066349, -0.986542, 0.149440},{-0.131338, -0.157102, -0.978810}}}
{{-3.181001, 104.357825, -216.864098},{{0.858209, -0.512923, -0.019685},{-0.492951, -0.834271, 0.246963},{-0.143096, -0.202242, -0.968825}}}
{{-3.686408, 103.594424, -220.137280},{{0.440156, -0.883951, 0.157779},{-0.884505, -0.396571, 0.245729},{-0.154642, -0.247715, -0.956411}}}
{{-4.230636, 102.676063, -223.364014},{{-0.123158, -0.941087, 0.314941},{-0.978418, 0.168208, 0.120017},{-0.165922, -0.293363, -0.941492}}}
{{-4.812684, 101.602433, -226.535668},{{-0.642657, -0.671270, 0.369309},{-0.745457, 0.659140, -0.099138},{-0.176878, -0.339016, -0.924003}}}
{{-5.431352, 100.373822, -229.643416},{{-0.945693, -0.178146, 0.271900},{-0.265569, 0.905775, -0.330219},{-0.187453, -0.384493, -0.903895}}}
{{-6.085245, 98.991142, -232.678287},{{-0.933234, 0.357567, 0.034936},{0.300055, 0.829206, -0.471576},{-0.197589, -0.429608, -0.881133}}}
{{-6.772770, 97.455956, -235.631228},{{-0.611754, 0.745381, -0.264884},{0.763423, 0.468588, -0.444535},{-0.207227, -0.474165, -0.855701}}}
{{-7.492137, 95.770502, -238.493157},{{-0.089756, 0.854630, -0.511420},{0.972190, -0.036343, -0.231356},{-0.216310, -0.517963, -0.827601}}}
{{-8.241366, 93.937702, -241.255032},{{0.459251, 0.660283, -0.594235},{0.859396, -0.499530, 0.109128},{-0.224783, -0.560800, -0.796854}}}
{{-9.018289, 91.961177, -243.907915},{{0.854542, 0.248247, -0.456215},{0.464392, -0.758554, 0.457095},{-0.232591, -0.602469, -0.763500}}}
{{-9.820559, 89.845244, -246.443041},{{0.967439, -0.220901, -0.123547},{-0.081315, -0.733522, 0.674784},{-0.239685, -0.642766, -0.727601}}}
{{-10.645665, 87.594914, -248.851889},{{0.762749, -0.574888, 0.296171},{-0.598072, -0.452853, 0.661237},{-0.246016, -0.681489, -0.689238}}}
{{-11.490938, 85.215874, -251.126250},{{0.309216, -0.694595, 0.649556},{-0.917122, -0.037141, 0.396873},{-0.251540, -0.718442, -0.648513}}}
{{-12.353568, 82.714470, -253.258295},{{-0.243848, -0.555818, 0.794736},{-0.935355, 0.351289, -0.041311},{-0.256220, -0.753434, -0.605548}}}
{{-13.230623, 80.097675, -255.240642},{{-0.715722, -0.232696, 0.658479},{-0.648176, 0.572369, -0.502256},{-0.260021, -0.786286, -0.560485}}}
{{-14.119067, 77.373054, -257.066420},{{-0.953052, 0.137004, 0.270041},{-0.150229, 0.560372, -0.814502},{-0.262914, -0.816831, -0.513482}}}
{{-15.015774, 74.548719, -258.729328},{{-0.879285, 0.409469, -0.243295},{0.395849, 0.344173, -0.851380},{-0.264879, -0.844914, -0.464714}}}
{{-15.917558, 71.633278, -260.223687},{{-0.519034, 0.491486, -0.699318},{0.812343, 0.029126, -0.582452},{-0.265898, -0.870398, -0.414373}}}
{{-16.821190, 68.635778, -261.544487},{{0.010229, 0.373575, -0.927544},{0.963929, -0.250403, -0.090221},{-0.265964, -0.893163, -0.362661}}}
{{-17.723420, 65.565645, -262.687431},{{0.536302, 0.127387, -0.834357},{0.801321, -0.387309, 0.455934},{-0.265074, -0.913107, -0.309793}}}
{{-18.621004, 62.432613, -263.648965},{{0.887940, -0.129849, -0.441250},{0.377188, -0.343457, 0.860097},{-0.263233, -0.930149, -0.255992}}}
{{-19.510724, 59.246656, -264.426301},{{0.950268, -0.287609, 0.119465},{-0.170751, -0.160351, 0.972179},{-0.260451, -0.944229, -0.201486}}}
{{-20.389413, 56.017917, -265.017438},{{0.702178, -0.288541, 0.650914},{-0.664098, 0.064246, 0.744880},{-0.256747, -0.955310, -0.146507}}}
{{-21.253975, 52.756628, -265.421167},{{0.223612, -0.149790, 0.963099},{-0.941499, 0.222428, 0.253191},{-0.252146, -0.963374, -0.091289}}}
{{-22.101408, 49.473045, -265.637068},{{-0.329835, 0.048907, 0.942771},{-0.911241, 0.244455, -0.331485},{-0.246677, -0.968426, -0.036064}}}
{{-22.928821, 46.177365, -265.665501},{{-0.777089, 0.204094, 0.595381},{-0.581680, 0.128396, -0.803220},{-0.240377, -0.970495, 0.018942}}}
{{-23.733456, 42.879662, -265.507591},{{-0.970593, 0.236800, 0.043289},{-0.059381, -0.061248, -0.996355},{-0.233286, -0.969626, 0.073508}}}
{{-24.512700, 39.589817, -265.165198},{{-0.845029, 0.128775, -0.518983},{0.484869, -0.224680, -0.845234},{-0.225450, -0.965886, 0.127422}}}
{{-25.264104, 36.317449, -264.640884},{{-0.439692, -0.069049, -0.895491},{0.871561, -0.273604, -0.406845},{-0.216918, -0.959361, 0.180482}}}
{{-25.985391, 33.071864, -263.937880},{{0.113269, -0.259452, -0.959091},{0.971603, -0.172909, 0.161522},{-0.207743, -0.950151, 0.232499}}}
{{-26.674466, 29.861994, -263.060030},{{0.631480, -0.343153, -0.695327},{0.749692, 0.041236, 0.660501},{-0.197980, -0.938374, 0.283299}}}
{{-27.329430, 26.696350, -262.011753},{{0.942298, -0.265015, -0.204553},{0.277215, 0.275130, 0.920573},{-0.187687, -0.924160, 0.332720}}}
{{-27.948575, 23.582982, -260.797982},{{0.940483, -0.041897, 0.337248},{-0.290156, 0.417634, 0.861041},{-0.176921, -0.907649, 0.380621}}}
{{-28.530398, 20.529445, -259.424109},{{0.624267, 0.240511, 0.743266},{-0.763426, 0.389674, 0.515106},{-0.165743, -0.888993, 0.426873}}}
{{-29.073594, 17.542765, -257.895931},{{0.097298, 0.461409, 0.881836},{-0.983236, 0.181851, 0.013335},{-0.154210, -0.868350, 0.471368}}}
{{-29.577059, 14.629422, -256.219586},{{-0.464871, 0.515613, 0.719749},{-0.873855, -0.136470, -0.466640},{-0.142382, -0.845884, 0.514012}}}
{{-30.039887, 11.795331, -254.401498},{{-0.873102, 0.360228, 0.328525},{-0.469799, -0.441524, -0.764425},{-0.130316, -0.821761, 0.554731}}}
{{-30.461365, 9.045838, -252.448315},{{-0.988499, 0.037360, -0.146539},{0.094495, -0.603943, -0.791406},{-0.118068, -0.796152, 0.593466}}}
{{-30.840965, 6.385710, -250.366858},{{-0.770118, -0.337595, -0.541247},{0.629085, -0.542516, -0.556713},{-0.105692, -0.769224, 0.630177}}}
{{-31.178343, 3.819143, -248.164059},{{-0.289998, -0.618578, -0.730248},{0.952474, -0.260890, -0.157255},{-0.093239, -0.741147, 0.664837}}}
{{-31.473323, 1.349766, -245.846917},{{0.290168, -0.686209, -0.667023},{0.953562, 0.148505, 0.262043},{-0.080760, -0.712084, 0.697434}}}
{{-31.725892, -1.019344, -243.422441},{{0.773348, -0.497188, -0.393367},{0.630293, 0.536109, 0.561533},{-0.068300, -0.682196, 0.727972}}}
{{-31.936190, -3.285651, -240.897612},{{0.994244, -0.105689, -0.017569},{0.091399, 0.751130, 0.653797},{-0.055902, -0.651639, 0.756466}}}
{{-32.104499, -5.447134, -238.279336},{{0.876241, 0.352690, 0.328347},{-0.479896, 0.700365, 0.528382},{-0.043607, -0.620563, 0.782943}}}
{{-32.231230, -7.502269, -235.574410},{{0.458423, 0.709359, 0.535404},{-0.888178, 0.386989, 0.247750},{-0.031452, -0.589108, 0.807442}}}
{{-32.316917, -9.450005, -232.789484},{{-0.117004, 0.825731, 0.551795},{-0.992941, -0.086372, -0.081296},{-0.019469, -0.557412, 0.830008}}}
{{-32.362201, -11.289734, -229.931036},{{-0.652983, 0.646940, 0.393805},{-0.757334, -0.552462, -0.348182},{-0.007690, -0.525599, 0.850698}}}
{{-32.367820, -13.021267, -227.005343},{{-0.965199, 0.225547, 0.132359},{-0.261487, -0.839822, -0.475735},{0.003858, -0.493789, 0.869573}}}
{{-32.334603, -14.644802, -224.018457},{{-0.945759, -0.294438, -0.137282},{0.324516, -0.836527, -0.441488},{0.015151, -0.462092, 0.886703}}}
{{-32.263453, -16.160897, -220.976194},{{-0.600809, -0.728061, -0.330083},{0.798964, -0.533388, -0.277766},{0.026168, -0.430609, 0.902159}}}
{{-32.155341, -17.570440, -217.884110},{{-0.048880, -0.916268, -0.397572},{0.998123, -0.030109, -0.053325},{0.036890, -0.399432, 0.916020}}}
{{-32.011297, -18.874622, -214.747498},{{0.519738, -0.784602, -0.338042},{0.853015, 0.498497, 0.154487},{0.047302, -0.368648, 0.928365}}}
{{-31.832398, -20.074904, -211.571372},{{0.908663, -0.372037, -0.189529},{0.413568, 0.864362, 0.286077},{0.057390, -0.338331, 0.939276}}}
{{-31.619764, -21.172996, -208.360468},{{0.983429, 0.180974, -0.010742},{-0.168400, 0.933834, 0.315588},{0.067145, -0.308549, 0.948836}}}
{{-31.374546, -22.170824, -205.119237},{{0.718201, 0.681314, 0.141415},{-0.691611, 0.676584, 0.252799},{0.076556, -0.279365, 0.957128}}}
{{-31.097921, -23.070509, -201.851844},{{0.204871, 0.951542, 0.229336},{-0.975037, 0.177909, 0.132857},{0.085618, -0.250830, 0.964238}}}
{{-30.791087, -23.874341, -198.562173},{{-0.378706, 0.893286, 0.242120},{-0.920698, -0.390276, -0.000188},{0.094326, -0.222991, 0.970246}}}
{{-30.455254, -24.584758, -195.253826},{{-0.830361, 0.522934, 0.192461},{-0.547685, -0.829559, -0.108966},{0.102676, -0.195889, 0.975236}}}
{{-30.091641, -25.204323, -191.930131},{{-0.993753, -0.033207, 0.106552},{0.014452, -0.984961, -0.172172},{0.110666, -0.169556, 0.979287}}}
{{-29.701472, -25.735703, -188.594145},{{-0.812600, -0.582689, 0.012426},{0.570689, -0.799832, -0.185963},{0.118297, -0.144023, 0.982478}}}
{{-29.285969, -26.181654, -185.248665},{{-0.350152, -0.934183, -0.068525},{0.928238, -0.336255, -0.159081},{0.125569, -0.119311, 0.984884}}}
{{-28.846351, -26.545004, -181.896231},{{0.232868, -0.964497, -0.124573},{0.963442, 0.246247, -0.105554},{0.132483, -0.095439, 0.986580}}}
{{-28.383831, -26.828635, -178.539141},{{0.734145, -0.661788, -0.151882},{0.664604, 0.746185, -0.038848},{0.139041, -0.072422, 0.987635}}}
{{-27.899613, -27.035471, -175.179456},{{0.980019, -0.129858, -0.150663},{0.135889, 0.990257, 0.030403},{0.145247, -0.050269, 0.988118}}}
{{-27.394887, -27.168465, -171.819010},{{0.885690, 0.447878, -0.122305},{-0.438999, 0.893625, 0.093351},{0.151105, -0.028989, 0.988093}}}
{{-26.870835, -27.230589, -168.459423},{{0.484470, 0.872063, -0.069248},{-0.860674, 0.489319, 0.140738},{0.156617, -0.008584, 0.987622}}}
{{-26.328622, -27.224823, -165.102110},{{-0.083997, 0.996462, 0.002720},{-0.983244, -0.083325, 0.162136},{0.161789, 0.010945, 0.986765}}}
{{-25.769398, -27.154147, -161.748290},{{-0.622371, 0.778432, 0.081843},{-0.764781, -0.627031, 0.148126},{0.166624, 0.029597, 0.985576}}}
{{-25.194300, -27.021533, -158.398999},{{-0.944141, 0.293399, 0.150053},{-0.281627, -0.954816, 0.094939},{0.171128, 0.047377, 0.984109}}}
{{-24.604447, -26.829939, -155.055099},{{-0.938226, -0.291467, 0.186493},{0.298330, -0.954418, 0.009224},{0.175304, 0.064290, 0.982413}}}
